1 211.301 89
2 211.305 110
3 211.308 100
4 211.312 74
5 211.315 65
6 211.319 41
7 211.322 26
8 211.325 37
9 211.329 18
10 211.332 34
11 211.336 31
12 211.339 27
13 211.343 113
14 211.346 129
15 211.350 84
16 211.353 30
17 211.357 -24
18 211.360 50
19 211.364 15
20 211.367 -15
21 211.371 48
22 211.374 72
23 211.378 100
24 211.381 22
25 211.385 -16
26 211.388 -32
27 211.392 -108
28 211.395 16
29 211.398 30
30 211.402 -11
31 211.405 -44
32 211.409 -181
33 211.412 -308
34 211.416 -331
35 211.419 -305
36 211.423 -296
37 211.426 -340
38 211.430 -309
39 211.433 -300
40 211.437 -356
41 211.440 -319
42 211.444 -309
43 211.447 -288
44 211.451 -264
45 211.454 -214
46 211.458 -273
47 211.461 -349
48 211.465 -355
49 211.468 -378
50 211.472 -361
51 211.475 -391
52 211.478 -431
53 211.482 -391
54 211.485 -311
55 211.489 -306
56 211.492 -334
57 211.496 -293
58 211.499 -316
59 211.503 -280
60 211.506 -394
61 211.510 -371
62 211.513 -399
63 211.517 -411
64 211.520 -294
65 211.524 -305
66 211.527 -279
67 211.531 -189
68 211.534 -211
69 211.538 -279
70 211.541 -253
71 211.545 -277
72 211.548 -328
73 211.552 -400
74 211.555 -507
75 211.559 -496
76 211.562 -490
77 211.566 -479
78 211.569 -370
79 211.573 -343
80 211.576 -423
81 211.580 -432
82 211.583 -354
83 211.587 -354
84 211.590 -438
85 211.593 -353
86 211.597 -292
87 211.600 -310
88 211.604 -367
89 211.607 -312
90 211.611 -238
91 211.614 -303
92 211.618 -271
93 211.621 -258
94 211.625 -373
95 211.628 -439
96 211.632 -396
97 211.635 -317
98 211.639 -227
99 211.642 -250
100 211.646 -311
101 211.649 -304
102 211.653 -374
103 211.656 -333
104 211.660 -378
105 211.663 -323
106 211.667 -235
107 211.670 -311
108 211.674 -379
109 211.677 -365
110 211.681 -332
111 211.684 -297
112 211.688 -335
113 211.691 -358
114 211.695 -320
115 211.698 -240
116 211.702 -273
117 211.705 -325
118 211.709 -343
119 211.712 -347
120 211.716 -246
121 211.719 -232
122 211.723 -277
123 211.726 -249
124 211.730 -270
125 211.733 -344
126 211.737 -374
127 211.740 -313
128 211.744 -310
129 211.747 -374
130 211.751 -424
131 211.754 -419
132 211.758 -472
133 211.761 -400
134 211.765 -363
135 211.768 -294
136 211.772 -233
137 211.775 -302
138 211.779 -370
139 211.782 -319
140 211.786 -405
141 211.789 -449
142 211.793 -404
143 211.796 -350
144 211.800 -333
145 211.803 -431
146 211.807 -419
147 211.810 -394
148 211.814 -351
149 211.817 -305
150 211.821 -255
151 211.824 -251
152 211.828 -313
153 211.831 -387
154 211.835 -332
155 211.838 -330
156 211.842 -330
157 211.845 -385
158 211.849 -363
159 211.852 -313
160 211.856 -360
161 211.859 -460
162 211.863 -518
163 211.866 -499
164 211.870 -401
165 211.873 -399
166 211.877 -410
167 211.880 -357
168 211.884 -226
169 211.887 -182
170 211.891 -359
171 211.894 -351
172 211.898 -381
173 211.901 -307
174 211.905 -288
175 211.908 -265
176 211.912 -388
177 211.915 -437
178 211.919 -442
179 211.922 -462
180 211.926 -432
181 211.929 -393
182 211.933 -328
183 211.936 -290
184 211.940 -287
185 211.943 -276
186 211.947 -312
187 211.950 -301
188 211.954 -333
189 211.957 -370
190 211.961 -388
191 211.964 -542
192 211.968 -541
193 211.971 -360
194 211.975 -323
195 211.978 -286
196 211.982 -351
197 211.985 -309
198 211.989 -271
199 211.992 -387
200 211.996 -319
201 211.999 -219
202 212.003 -191
203 212.006 331
204 212.010 1137
205 212.013 250
206 212.017 -71
207 212.020 -269
208 212.024 -304
209 212.028 -375
210 212.031 -304
211 212.035 -353
212 212.038 -403
213 212.042 -451
214 212.045 -413
215 212.049 -364
216 212.052 -298
217 212.056 -372
218 212.059 -335
219 212.063 -299
220 212.066 -305
221 212.070 -335
222 212.073 -335
223 212.077 -374
224 212.080 -474
225 212.084 -429
226 212.087 -436
227 212.091 -374
228 212.094 -396
229 212.098 -379
230 212.101 -335
231 212.105 -333
232 212.108 -359
233 212.112 -441
234 212.115 -342
235 212.119 -269
236 212.122 -278
237 212.126 -347
238 212.129 -369
239 212.133 -311
240 212.136 -342
241 212.140 -453
242 212.144 -453
243 212.147 -445
244 212.151 -350
245 212.154 -354
246 212.158 -413
247 212.161 -405
248 212.165 -448
249 212.168 -479
250 212.172 -456
251 212.175 -434
252 212.179 -414
253 212.182 -480
254 212.186 -463
255 212.189 -423
256 212.193 -364
257 212.196 -320
258 212.200 -317
259 212.203 -297
260 212.207 -409
261 212.210 -479
262 212.214 -447
263 212.217 -370
264 212.221 -400
265 212.225 -371
266 212.228 -375
267 212.232 -459
268 212.235 -448
269 212.239 -459
270 212.242 -441
271 212.246 -493
272 212.249 -448
273 212.253 -450
274 212.256 -431
275 212.260 -401
276 212.263 -383
277 212.267 -426
278 212.270 -411
279 212.274 -220
280 212.277 -128
281 212.281 -210
282 212.284 -407
283 212.288 -526
284 212.291 -535
285 212.295 -513
286 212.299 -417
287 212.302 -374
288 212.306 -451
289 212.309 -479
290 212.313 -426
291 212.316 -313
292 212.320 -375
293 212.323 -341
294 212.327 -372
295 212.330 -338
296 212.334 -393
297 212.337 -443
298 212.341 -307
299 212.344 -316
300 212.348 -369
301 212.351 -309
302 212.355 -408
303 212.359 -433
304 212.362 -428
305 212.366 -421
306 212.369 -342
307 212.373 -408
308 212.376 -470
309 212.380 -454
310 212.383 -485
311 212.387 -401
312 212.390 -366
313 212.394 -399
314 212.397 -370
315 212.401 -327
316 212.404 -317
317 212.408 -410
318 212.412 -423
319 212.415 -424
320 212.419 -515
321 212.422 -445
322 212.426 -322
323 212.429 -266
324 212.433 -352
325 212.436 -442
326 212.440 -477
327 212.443 -329
328 212.447 -276
329 212.450 -329
330 212.454 -359
331 212.457 -379
332 212.461 -407
333 212.465 -461
334 212.468 -418
335 212.472 -459
336 212.475 -426
337 212.479 -377
338 212.482 -440
339 212.486 -495
340 212.489 -449
341 212.493 -422
342 212.496 -379
343 212.500 -358
344 212.503 -346
345 212.507 -259
346 212.511 -337
347 212.514 -389
348 212.518 -494
349 212.521 -439
350 212.525 -422
351 212.528 -480
352 212.532 -455
353 212.535 -468
354 212.539 -421
355 212.542 -379
356 212.546 -410
357 212.550 -407
358 212.553 -425
359 212.557 -448
360 212.560 -378
361 212.564 -313
362 212.567 -271
363 212.571 -259
364 212.574 -419
365 212.578 -463
366 212.581 -459
367 212.585 -353
368 212.588 -332
369 212.592 -325
370 212.596 -358
371 212.599 -359
372 212.603 -294
373 212.606 -248
374 212.610 -300
375 212.613 -408
376 212.617 -473
377 212.620 -488
378 212.624 -442
379 212.627 -331
380 212.631 -373
381 212.635 -438
382 212.638 -446
383 212.642 -518
384 212.645 -432
385 212.649 -460
386 212.652 -469
387 212.656 -418
388 212.659 -439
389 212.663 -312
390 212.667 -238
391 212.670 -332
392 212.674 -438
393 212.677 -488
394 212.681 -460
395 212.684 -505
396 212.688 -608
397 212.691 -527
398 212.695 -545
399 212.698 -484
400 212.702 -358
401 212.706 -329
402 212.709 -371
403 212.713 -513
404 212.716 -570
405 212.720 -450
406 212.723 -427
407 212.727 -388
408 212.730 -435
409 212.734 -397
410 212.738 -394
411 212.741 -429
412 212.745 -459
413 212.748 -479
414 212.752 -494
415 212.755 -468
416 212.759 -491
417 212.762 -449
418 212.766 -356
419 212.770 -411
420 212.773 -351
421 212.777 -283
422 212.780 -319
423 212.784 -294
424 212.787 -314
425 212.791 -334
426 212.794 -426
427 212.798 -490
428 212.802 -501
429 212.805 -514
430 212.809 -501
431 212.812 -475
432 212.816 -502
433 212.819 -551
434 212.823 -547
435 212.826 -530
436 212.830 -501
437 212.834 -520
438 212.837 -478
439 212.841 -394
440 212.844 -399
441 212.848 -438
442 212.851 -451
443 212.855 -490
444 212.858 -568
445 212.862 -592
446 212.866 -492
447 212.869 -406
448 212.873 -418
449 212.876 -441
450 212.880 -413
451 212.883 -478
452 212.887 -500
453 212.890 -465
454 212.894 -441
455 212.898 -518
456 212.901 -583
457 212.905 -544
458 212.908 -475
459 212.912 -354
460 212.915 -436
461 212.919 -489
462 212.923 -433
463 212.926 -425
464 212.930 -414
465 212.933 -307
466 212.937 -359
467 212.940 -378
468 212.944 -457
469 212.948 -454
470 212.951 -495
471 212.955 -494
472 212.958 -534
473 212.962 -521
474 212.965 -501
475 212.969 -500
476 212.972 -511
477 212.976 -502
478 212.980 -577
479 212.983 -529
480 212.987 -506
481 212.990 -581
482 212.994 -583
483 212.997 -510
484 213.001 -367
485 213.005 -312
486 213.008 -359
487 213.012 -304
488 213.015 -379
489 213.019 -487
490 213.022 -464
491 213.026 -477
492 213.030 -422
493 213.033 -383
494 213.037 -485
495 213.040 -488
496 213.044 -525
497 213.047 -563
498 213.051 -634
499 213.055 -501
500 213.058 -286
501 213.062 -420
502 213.065 -471
503 213.069 -441
504 213.072 -402
505 213.076 -440
506 213.080 -394
507 213.083 -323
508 213.087 -516
509 213.090 -591
510 213.094 -575
511 213.097 -483
512 213.101 -440
513 213.105 -358
514 213.108 -353
515 213.112 -336
516 213.115 -302
517 213.119 -343
518 213.122 -450
519 213.126 -496
520 213.130 -492
521 213.133 -583
522 213.137 -526
523 213.140 -461
524 213.144 -472
525 213.147 -489
526 213.151 -463
527 213.155 -446
528 213.158 -434
529 213.162 -520
530 213.165 -502
531 213.169 -509
532 213.173 -449
533 213.176 -473
534 213.180 -450
535 213.183 -449
536 213.187 -497
537 213.190 -537
538 213.194 -536
539 213.198 -529
540 213.201 -481
541 213.205 -511
542 213.208 -508
543 213.212 -511
544 213.215 -453
545 213.219 -511
546 213.223 -504
547 213.226 -402
548 213.230 -318
549 213.233 -244
550 213.237 -351
551 213.241 -386
552 213.244 -422
553 213.248 -467
554 213.251 -455
555 213.255 -374
556 213.258 -337
557 213.262 -393
558 213.266 -508
559 213.269 -498
560 213.273 -376
561 213.276 -470
562 213.280 -532
563 213.284 -465
564 213.287 -583
565 213.291 -561
566 213.294 -550
567 213.298 -468
568 213.301 -447
569 213.305 -410
570 213.309 -456
571 213.312 -563
572 213.316 -545
573 213.319 -563
574 213.323 -503
575 213.327 -422
576 213.330 -317
577 213.334 -380
578 213.337 -423
579 213.341 -505
580 213.345 -542
581 213.348 -457
582 213.352 -429
583 213.355 -393
584 213.359 -478
585 213.362 -499
586 213.366 -453
587 213.370 -442
588 213.373 -456
589 213.377 -433
590 213.380 -523
591 213.384 -393
592 213.388 -367
593 213.391 -426
594 213.395 -454
595 213.398 -430
596 213.402 -444
597 213.406 -510
598 213.409 -587
599 213.413 -560
600 213.416 -405
601 213.420 -374
602 213.423 -324
603 213.427 -416
604 213.431 -523
605 213.434 -533
606 213.438 -559
607 213.441 -553
608 213.445 -465
609 213.449 -483
610 213.452 -593
611 213.456 -470
612 213.459 -578
613 213.463 -565
614 213.467 -620
615 213.470 -547
616 213.474 -459
617 213.477 -399
618 213.481 -329
619 213.485 -328
620 213.488 -333
621 213.492 -389
622 213.495 -517
623 213.499 -519
624 213.503 -523
625 213.506 -457
626 213.510 -474
627 213.513 -476
628 213.517 -445
629 213.521 -396
630 213.524 -452
631 213.528 -440
632 213.531 -484
633 213.535 -473
634 213.539 -400
635 213.542 -462
636 213.546 -512
637 213.549 -524
638 213.553 -549
639 213.557 -475
640 213.560 -502
641 213.564 -514
642 213.567 -603
643 213.571 -577
644 213.575 -477
645 213.578 -403
646 213.582 -328
647 213.585 -425
648 213.589 -467
649 213.593 -428
650 213.596 -431
651 213.600 -454
652 213.603 -483
653 213.607 -576
654 213.611 -534
655 213.614 -424
656 213.618 -439
657 213.621 -397
658 213.625 -416
659 213.629 -427
660 213.632 -331
661 213.636 -349
662 213.639 -440
663 213.643 -519
664 213.647 -471
665 213.650 -450
666 213.654 -452
667 213.657 -443
668 213.661 -463
669 213.665 -452
670 213.668 -436
671 213.672 -454
672 213.676 -438
673 213.679 -364
674 213.683 -400
675 213.686 -438
676 213.690 -504
677 213.694 -464
678 213.697 -330
679 213.701 -310
680 213.704 -354
681 213.708 -356
682 213.712 -510
683 213.715 -530
684 213.719 -499
685 213.722 -384
686 213.726 -379
687 213.730 -394
688 213.733 -447
689 213.737 -463
690 213.740 -504
691 213.744 -462
692 213.748 -431
693 213.751 -501
694 213.755 -558
695 213.759 -531
696 213.762 -475
697 213.766 -454
698 213.769 -479
699 213.773 -487
700 213.777 -574
701 213.780 -504
702 213.784 -509
703 213.787 -603
704 213.791 -543
705 213.795 -439
706 213.798 -437
707 213.802 -383
708 213.806 -383
709 213.809 -468
710 213.813 -464
711 213.816 -549
712 213.820 -460
713 213.824 -483
714 213.827 -460
715 213.831 -474
716 213.834 -423
717 213.838 -473
718 213.842 -473
719 213.845 -413
720 213.849 -430
721 213.853 -432
722 213.856 -557
723 213.860 -536
724 213.863 -439
725 213.867 -364
726 213.871 -346
727 213.874 -467
728 213.878 -418
729 213.882 -364
730 213.885 -396
731 213.889 -403
732 213.892 -452
733 213.896 -458
734 213.900 -477
735 213.903 -529
736 213.907 -392
737 213.910 -365
738 213.914 -469
739 213.918 -509
740 213.921 -523
741 213.925 -517
742 213.929 -524
743 213.932 -476
744 213.936 -585
745 213.939 -608
746 213.943 -656
747 213.947 -576
748 213.950 -486
749 213.954 -436
750 213.958 -457
751 213.961 -485
752 213.965 -437
753 213.968 -512
754 213.972 -545
755 213.976 -577
756 213.979 -532
757 213.983 -570
758 213.987 -472
759 213.990 -497
760 213.994 -576
761 213.997 -571
762 214.001 -460
763 214.005 -544
764 214.008 -473
765 214.012 -495
766 214.016 -527
767 214.019 -438
768 214.023 -486
769 214.027 -449
770 214.030 -448
771 214.034 -355
772 214.037 -448
773 214.041 -400
774 214.045 -448
775 214.048 -480
776 214.052 -539
777 214.056 -564
778 214.059 -565
779 214.063 -468
780 214.066 -382
781 214.070 -484
782 214.074 -447
783 214.077 -456
784 214.081 -437
785 214.085 -439
786 214.088 -496
787 214.092 -474
788 214.095 -436
789 214.099 -72
790 214.103 425
791 214.106 -107
792 214.110 -310
793 214.114 -428
794 214.117 -435
795 214.121 -500
796 214.125 -540
797 214.128 -478
798 214.132 -462
799 214.135 -369
800 214.139 -454
801 214.143 -517
802 214.146 -457
803 214.150 -423
804 214.154 -346
805 214.157 -472
806 214.161 -515
807 214.165 -649
808 214.168 -686
809 214.172 -531
810 214.175 -436
811 214.179 -466
812 214.183 -442
813 214.186 -445
814 214.190 -418
815 214.194 -441
816 214.197 -436
817 214.201 -416
818 214.205 -367
819 214.208 -393
820 214.212 -558
821 214.216 -540
822 214.219 -466
823 214.223 -480
824 214.226 -414
825 214.230 -436
826 214.234 -559
827 214.237 -480
828 214.241 -499
829 214.245 -469
830 214.248 -541
831 214.252 -460
832 214.256 -471
833 214.259 -426
834 214.263 -450
835 214.266 -433
836 214.270 -404
837 214.274 -445
838 214.277 -411
839 214.281 -388
840 214.285 -423
841 214.288 -373
842 214.292 -530
843 214.296 -620
844 214.299 -592
845 214.303 -517
846 214.307 -488
847 214.310 -519
848 214.314 -535
849 214.318 -469
850 214.321 -512
851 214.325 -501
852 214.328 -390
853 214.332 -520
854 214.336 -528
855 214.339 -437
856 214.343 -433
857 214.347 -488
858 214.350 -535
859 214.354 -557
860 214.358 -487
861 214.361 -475
862 214.365 -466
863 214.369 -353
864 214.372 -258
865 214.376 -331
866 214.380 -388
867 214.383 -439
868 214.387 -393
869 214.390 -391
870 214.394 -347
871 214.398 -349
872 214.401 -398
873 214.405 -395
874 214.409 -566
875 214.412 -461
876 214.416 -513
877 214.420 -578
878 214.423 -634
879 214.427 -579
880 214.431 -396
881 214.434 -444
882 214.438 -476
883 214.442 -447
884 214.445 -488
885 214.449 -630
886 214.453 -649
887 214.456 -476
888 214.460 -453
889 214.464 -425
890 214.467 -347
891 214.471 -381
892 214.475 -415
893 214.478 -451
894 214.482 -478
895 214.485 -499
896 214.489 -560
897 214.493 -489
898 214.496 -570
899 214.500 -463
900 214.504 -355
901 214.507 -288
902 214.511 -480
903 214.515 -520
904 214.518 -409
905 214.522 -349
906 214.526 -318
907 214.529 -385
908 214.533 -366
909 214.537 -365
910 214.540 -452
911 214.544 -498
912 214.548 -538
913 214.551 -491
914 214.555 -381
915 214.559 -460
916 214.562 -541
917 214.566 -532
918 214.570 -368
919 214.573 -422
920 214.577 -494
921 214.581 -516
922 214.584 -415
923 214.588 -335
924 214.592 -308
925 214.595 -322
926 214.599 -386
927 214.603 -422
928 214.606 -330
929 214.610 -358
930 214.614 -370
931 214.617 -464
932 214.621 -494
933 214.625 -480
934 214.628 -454
935 214.632 -437
936 214.636 -382
937 214.639 -387
938 214.643 -409
939 214.647 -384
940 214.650 -392
941 214.654 -387
942 214.658 -401
943 214.661 -421
944 214.665 -402
945 214.669 -332
946 214.672 -350
947 214.676 -423
948 214.680 -391
949 214.683 -369
950 214.687 -391
951 214.691 -324
952 214.694 -282
953 214.698 -353
954 214.702 -382
955 214.705 -370
956 214.709 -312
957 214.713 -336
958 214.716 -470
959 214.720 -290
960 214.724 -149
961 214.727 -215
962 214.731 -234
963 214.735 -263
964 214.738 -376
965 214.742 -522
966 214.746 -475
967 214.749 -359
968 214.753 -322
969 214.757 -345
970 214.760 -389
971 214.764 -500
972 214.768 -466
973 214.771 -258
974 214.775 -140
975 214.779 -150
976 214.782 -225
977 214.786 -167
978 214.790 -235
979 214.793 -234
980 214.797 -165
981 214.801 -212
982 214.804 -301
983 214.808 -321
984 214.812 -368
985 214.816 -402
986 214.819 -300
987 214.823 -333
988 214.827 -359
989 214.830 -293
990 214.834 -147
991 214.838 -40
992 214.841 -35
993 214.845 -83
994 214.849 -148
995 214.852 -146
996 214.856 -195
997 214.860 -243
998 214.863 -212
999 214.867 -198
1000 214.871 -200
1001 214.874 -189
1002 214.878 -174
1003 214.882 -205
1004 214.885 -198
1005 214.889 -94
1006 214.893 -66
1007 214.896 -88
1008 214.900 -98
1009 214.904 -101
1010 214.907 -133
1011 214.911 -106
1012 214.915 -165
1013 214.919 -72
1014 214.922 -55
1015 214.926 -99
1016 214.930 -50
1017 214.933 -75
1018 214.937 13
1019 214.941 15
1020 214.944 -32
1021 214.948 98
1022 214.952 175
1023 214.955 137
1024 214.959 -21
1025 214.963 -36
1026 214.966 -12
1027 214.970 -51
1028 214.974 -79
1029 214.978 9
1030 214.981 22
1031 214.985 69
1032 214.989 9
1033 214.992 -2
1034 214.996 -79
1035 215.000 -105
1036 215.003 -94
1037 215.007 -25
1038 215.011 -10
1039 215.014 8
1040 215.018 -3
1041 215.022 47
1042 215.025 169
1043 215.029 235
1044 215.033 265
1045 215.037 252
1046 215.040 241
1047 215.044 229
1048 215.048 249
1049 215.051 282
1050 215.055 287
1051 215.059 316
1052 215.062 321
1053 215.066 377
1054 215.070 364
1055 215.073 374
1056 215.077 427
1057 215.081 502
1058 215.085 796
1059 215.088 937
1060 215.092 993
1061 215.096 1051
1062 215.099 1131
1063 215.103 1160
1064 215.107 1185
1065 215.110 1067
1066 215.114 1035
1067 215.118 967
1068 215.121 902
1069 215.125 740
1070 215.129 667
1071 215.133 645
1072 215.136 650
1073 215.140 639
1074 215.144 702
1075 215.147 718
1076 215.151 810
1077 215.155 830
1078 215.158 1082
1079 215.162 1243
1080 215.166 1563
1081 215.170 2035
1082 215.173 2697
1083 215.177 3700
1084 215.181 5609
1085 215.184 8227
1086 215.188 11248
1087 215.192 14162
1088 215.195 16233
1089 215.199 16867
1090 215.203 15903
1091 215.207 14026
1092 215.210 11652
1093 215.214 9248
1094 215.218 7298
1095 215.221 5920
1096 215.225 4860
1097 215.229 4175
1098 215.232 3629
1099 215.236 3191
1100 215.240 2844
1101 215.244 2641
1102 215.247 2394
1103 215.251 2244
1104 215.255 2254
1105 215.258 2362
1106 215.262 2326
1107 215.266 2319
1108 215.269 2561
1109 215.273 2798
1110 215.277 2946
1111 215.281 3391
1112 215.284 4169
1113 215.288 5411
1114 215.292 7373
1115 215.295 9903
1116 215.299 12707
1117 215.303 14988
1118 215.307 16468
1119 215.310 16715
1120 215.314 15738
1121 215.318 14173
1122 215.321 12172
1123 215.325 10131
1124 215.329 8557
1125 215.333 7324
1126 215.336 6427
1127 215.340 5843
1128 215.344 5399
1129 215.347 5323
1130 215.351 5606
1131 215.355 6279
1132 215.358 7368
1133 215.362 9280
1134 215.366 11895
1135 215.370 14697
1136 215.373 17024
1137 215.377 18362
1138 215.381 18283
1139 215.384 17057
1140 215.388 14946
1141 215.392 12545
1142 215.396 10292
1143 215.399 8308
1144 215.403 6819
1145 215.407 5870
1146 215.410 5306
1147 215.414 4703
1148 215.418 4233
1149 215.422 3928
1150 215.425 3642
1151 215.429 3514
1152 215.433 3489
1153 215.436 3451
1154 215.440 3437
1155 215.444 3629
1156 215.448 3927
1157 215.451 4083
1158 215.455 4443
1159 215.459 4937
1160 215.462 5642
1161 215.466 6625
1162 215.470 8077
1163 215.474 10256
1164 215.477 13555
1165 215.481 18404
1166 215.485 24541
1167 215.488 31369
1168 215.492 37352
1169 215.496 41332
1170 215.500 42931
1171 215.503 41770
1172 215.507 38143
1173 215.511 32855
1174 215.515 27142
1175 215.518 21997
1176 215.522 17658
1177 215.526 14292
1178 215.529 11730
1179 215.533 9724
1180 215.537 8249
1181 215.541 7235
1182 215.544 6577
1183 215.548 5918
1184 215.552 5367
1185 215.555 5082
1186 215.559 4856
1187 215.563 4755
1188 215.567 4708
1189 215.570 4728
1190 215.574 4721
1191 215.578 4799
1192 215.582 5019
1193 215.585 5393
1194 215.589 5985
1195 215.593 6922
1196 215.596 8109
1197 215.600 9814
1198 215.604 12311
1199 215.608 15765
1200 215.611 20222
1201 215.615 25228
1202 215.619 29549
1203 215.623 32493
1204 215.626 33403
1205 215.630 32354
1206 215.634 29562
1207 215.637 25737
1208 215.641 21667
1209 215.645 18118
1210 215.649 15359
1211 215.652 13220
1212 215.656 11742
1213 215.660 10639
1214 215.664 9974
1215 215.667 9599
1216 215.671 9793
1217 215.675 10524
1218 215.678 11789
1219 215.682 13808
1220 215.686 16895
1221 215.690 20828
1222 215.693 25172
1223 215.697 29394
1224 215.701 32091
1225 215.705 33109
1226 215.708 32162
1227 215.712 29630
1228 215.716 26276
1229 215.720 22659
1230 215.723 19142
1231 215.727 16121
1232 215.731 13665
1233 215.734 11609
1234 215.738 10055
1235 215.742 8892
1236 215.746 7936
1237 215.749 7339
1238 215.753 7080
1239 215.757 6754
1240 215.761 6465
1241 215.764 6270
1242 215.768 6211
1243 215.772 6203
1244 215.776 6147
1245 215.779 6232
1246 215.783 6513
1247 215.787 6802
1248 215.790 7113
1249 215.794 7458
1250 215.798 8182
1251 215.802 9219
1252 215.805 10426
1253 215.809 12323
1254 215.813 15113
1255 215.817 19148
1256 215.820 24689
1257 215.824 31654
1258 215.828 39495
1259 215.832 47051
1260 215.835 53308
1261 215.839 57306
1262 215.843 58525
1263 215.847 56999
1264 215.850 52982
1265 215.854 47037
1266 215.858 40344
1267 215.862 33957
1268 215.865 28297
1269 215.869 23527
1270 215.873 19643
1271 215.877 16640
1272 215.880 14294
1273 215.884 12462
1274 215.888 11062
1275 215.891 9914
1276 215.895 9038
1277 215.899 8360
1278 215.903 7875
1279 215.906 7545
1280 215.910 7300
1281 215.914 7000
1282 215.918 6916
1283 215.921 6776
1284 215.925 6724
1285 215.929 6733
1286 215.933 6856
1287 215.936 7130
1288 215.940 7479
1289 215.944 7992
1290 215.948 8727
1291 215.951 9669
1292 215.955 11027
1293 215.959 12854
1294 215.963 15480
1295 215.966 19064
1296 215.970 23620
1297 215.974 28732
1298 215.978 33925
1299 215.981 38333
1300 215.985 41496
1301 215.989 43052
1302 215.993 42446
1303 215.996 40147
1304 216.000 36663
1305 216.004 32424
1306 216.008 28159
1307 216.011 24339
1308 216.015 21231
1309 216.019 18641
1310 216.023 16399
1311 216.026 14883
1312 216.030 13788
1313 216.034 13074
1314 216.038 12774
1315 216.041 12885
1316 216.045 13410
1317 216.049 14394
1318 216.053 16096
1319 216.056 18628
1320 216.060 22003
1321 216.064 26258
1322 216.068 30994
1323 216.071 35446
1324 216.075 39332
1325 216.079 41930
1326 216.083 43021
1327 216.087 42492
1328 216.090 40483
1329 216.094 37237
1330 216.098 33284
1331 216.102 29255
1332 216.105 25279
1333 216.109 21739
1334 216.113 18833
1335 216.117 16431
1336 216.120 14511
1337 216.124 12801
1338 216.128 11410
1339 216.132 10401
1340 216.135 9655
1341 216.139 9052
1342 216.143 8638
1343 216.147 8382
1344 216.150 8168
1345 216.154 8077
1346 216.158 7903
1347 216.162 7908
1348 216.165 7995
1349 216.169 8152
1350 216.173 8396
1351 216.177 8557
1352 216.180 8928
1353 216.184 9382
1354 216.188 9952
1355 216.192 10685
1356 216.196 11554
1357 216.199 12910
1358 216.203 14480
1359 216.207 16547
1360 216.211 19250
1361 216.214 22922
1362 216.218 28023
1363 216.222 34458
1364 216.226 41980
1365 216.229 50433
1366 216.233 58876
1367 216.237 66538
1368 216.241 72684
1369 216.244 77045
1370 216.248 78923
1371 216.252 78294
1372 216.256 75097
1373 216.260 69997
1374 216.263 63527
1375 216.267 56530
1376 216.271 49436
1377 216.275 42529
1378 216.278 36515
1379 216.282 31162
1380 216.286 26634
1381 216.290 22956
1382 216.293 20054
1383 216.297 17603
1384 216.301 15660
1385 216.305 14156
1386 216.309 12905
1387 216.312 11900
1388 216.316 11103
1389 216.320 10477
1390 216.324 9892
1391 216.327 9324
1392 216.331 8952
1393 216.335 8773
1394 216.339 8583
1395 216.343 8442
1396 216.346 8393
1397 216.350 8442
1398 216.354 8530
1399 216.358 8635
1400 216.361 8775
1401 216.365 9232
1402 216.369 9781
1403 216.373 10465
1404 216.376 11266
1405 216.380 12263
1406 216.384 13544
1407 216.388 15408
1408 216.392 17682
1409 216.395 20682
1410 216.399 24459
1411 216.403 28943
1412 216.407 33959
1413 216.410 39323
1414 216.414 44429
1415 216.418 48976
1416 216.422 52478
1417 216.426 54720
1418 216.429 55498
1419 216.433 54833
1420 216.437 52873
1421 216.441 49833
1422 216.444 45880
1423 216.448 41635
1424 216.452 37371
1425 216.456 33277
1426 216.460 29570
1427 216.463 26294
1428 216.467 23523
1429 216.471 21238
1430 216.475 19429
1431 216.478 18165
1432 216.482 17177
1433 216.486 16488
1434 216.490 16220
1435 216.494 16391
1436 216.497 16698
1437 216.501 17570
1438 216.505 19045
1439 216.509 21177
1440 216.513 23941
1441 216.516 27279
1442 216.520 31266
1443 216.524 35812
1444 216.528 40539
1445 216.531 45013
1446 216.535 48822
1447 216.539 52019
1448 216.543 53925
1449 216.547 54555
1450 216.550 53969
1451 216.554 52389
1452 216.558 49810
1453 216.562 46433
1454 216.566 42749
1455 216.569 38990
1456 216.573 35249
1457 216.577 31566
1458 216.581 28296
1459 216.584 25390
1460 216.588 22692
1461 216.592 20169
1462 216.596 18016
1463 216.600 16487
1464 216.603 15108
1465 216.607 13882
1466 216.611 12892
1467 216.615 12202
1468 216.619 11554
1469 216.622 11136
1470 216.626 10656
1471 216.630 10308
1472 216.634 10098
1473 216.638 10001
1474 216.641 9863
1475 216.645 9751
1476 216.649 9659
1477 216.653 9719
1478 216.656 9819
1479 216.660 10094
1480 216.664 10368
1481 216.668 10478
1482 216.672 10760
1483 216.675 11252
1484 216.679 11867
1485 216.683 12526
1486 216.687 13390
1487 216.691 14249
1488 216.694 15223
1489 216.698 16405
1490 216.702 17763
1491 216.706 19652
1492 216.710 22123
1493 216.713 25130
1494 216.717 28922
1495 216.721 33522
1496 216.725 39231
1497 216.729 45824
1498 216.732 53414
1499 216.736 61702
1500 216.740 69508
1501 216.744 77155
1502 216.748 85636
1503 216.751 92670
1504 216.755 98131
1505 216.759 102271
1506 216.763 104694
1507 216.767 105522
1508 216.770 104709
1509 216.774 102465
1510 216.778 98786
1511 216.782 94166
1512 216.786 88790
1513 216.789 82876
1514 216.793 76718
1515 216.797 70751
1516 216.801 64969
1517 216.805 59464
1518 216.808 54241
1519 216.812 49103
1520 216.816 44627
1521 216.820 40363
1522 216.824 36409
1523 216.827 33000
1524 216.831 29723
1525 216.835 26892
1526 216.839 24580
1527 216.843 22340
1528 216.846 20433
1529 216.850 19133
1530 216.854 18007
1531 216.858 16926
1532 216.862 15979
1533 216.865 15013
1534 216.869 14170
1535 216.873 13427
1536 216.877 12955
1537 216.881 12557
1538 216.885 12209
1539 216.888 11987
1540 216.892 11770
1541 216.896 11524
1542 216.900 11433
1543 216.904 11431
1544 216.907 11430
1545 216.911 11569
1546 216.915 11883
1547 216.919 12103
1548 216.923 12323
1549 216.926 12620
1550 216.930 13061
1551 216.934 13499
1552 216.938 14054
1553 216.942 14873
1554 216.945 15694
1555 216.949 16771
1556 216.953 18107
1557 216.957 19710
1558 216.961 21636
1559 216.965 23967
1560 216.968 26714
1561 216.972 29946
1562 216.976 33779
1563 216.980 38210
1564 216.984 42952
1565 216.987 47590
1566 216.991 52214
1567 216.995 56893
1568 216.999 61171
1569 217.003 65144
1570 217.006 68845
1571 217.010 72171
1572 217.014 74445
1573 217.018 75735
1574 217.022 76053
1575 217.026 75669
1576 217.029 74552
1577 217.033 72829
1578 217.037 70688
1579 217.041 68252
1580 217.045 65566
1581 217.048 62961
1582 217.052 60262
1583 217.056 57606
1584 217.060 54948
1585 217.064 52215
1586 217.068 49562
1587 217.071 47011
1588 217.075 44492
1589 217.079 41876
1590 217.083 39453
1591 217.087 37076
1592 217.090 34831
1593 217.094 32940
1594 217.098 31129
1595 217.102 29643
1596 217.106 28509
1597 217.110 27602
1598 217.113 26689
1599 217.117 26178
1600 217.121 26208
1601 217.125 26573
1602 217.129 27139
1603 217.133 28158
1604 217.136 29427
1605 217.140 31040
1606 217.144 33253
1607 217.148 35952
1608 217.152 38977
1609 217.155 42305
1610 217.159 45995
1611 217.163 49889
1612 217.167 53641
1613 217.171 57405
1614 217.175 61009
1615 217.178 64439
1616 217.182 67471
1617 217.186 69996
1618 217.190 72035
1619 217.194 73630
1620 217.198 74620
1621 217.201 75024
1622 217.205 75052
1623 217.209 74749
1624 217.213 74084
1625 217.217 73067
1626 217.221 71666
1627 217.224 70196
1628 217.228 68600
1629 217.232 67098
1630 217.236 65418
1631 217.240 63542
1632 217.244 61546
1633 217.247 59558
1634 217.251 57600
1635 217.255 55481
1636 217.259 53564
1637 217.263 51294
1638 217.267 48777
1639 217.270 46230
1640 217.274 43739
1641 217.278 41389
1642 217.282 39025
1643 217.286 36506
1644 217.290 34238
1645 217.293 31834
1646 217.297 29769
1647 217.301 27774
1648 217.305 25929
1649 217.309 24073
1650 217.313 22494
1651 217.316 21061
1652 217.320 19961
1653 217.324 18794
1654 217.328 17644
1655 217.332 16967
1656 217.336 16308
1657 217.339 15699
1658 217.343 15181
1659 217.347 14692
1660 217.351 14222
1661 217.355 13823
1662 217.359 13532
1663 217.362 13284
1664 217.366 13089
1665 217.370 12953
1666 217.374 12780
1667 217.378 12553
1668 217.382 12479
1669 217.385 12501
1670 217.389 12531
1671 217.393 12520
1672 217.397 12488
1673 217.401 12395
1674 217.405 12558
1675 217.409 12773
1676 217.412 12973
1677 217.416 13192
1678 217.420 13247
1679 217.424 13343
1680 217.428 13551
1681 217.432 13889
1682 217.435 14161
1683 217.439 14443
1684 217.443 14744
1685 217.447 14992
1686 217.451 15179
1687 217.455 15337
1688 217.458 15702
1689 217.462 16122
1690 217.466 16782
1691 217.470 17570
1692 217.474 18482
1693 217.478 19465
1694 217.482 20886
1695 217.485 22352
1696 217.489 23855
1697 217.493 25423
1698 217.497 27107
1699 217.501 28869
1700 217.505 30800
1701 217.508 33073
1702 217.512 35454
1703 217.516 38092
1704 217.520 40907
1705 217.524 43822
1706 217.528 46976
1707 217.532 50182
1708 217.535 53632
1709 217.539 57059
1710 217.543 60437
1711 217.547 64057
1712 217.551 67662
1713 217.555 71519
1714 217.559 75224
1715 217.562 78671
1716 217.566 82088
1717 217.570 85559
1718 217.574 88796
1719 217.578 91620
1720 217.582 94153
1721 217.586 96883
1722 217.589 99242
1723 217.593 101392
1724 217.597 103479
1725 217.601 105422
1726 217.605 107136
1727 217.609 108913
1728 217.612 110642
1729 217.616 112213
1730 217.620 113543
1731 217.624 114893
1732 217.628 116120
1733 217.632 117406
1734 217.636 118479
1735 217.639 119359
1736 217.643 120152
1737 217.647 120740
1738 217.651 121127
1739 217.655 121310
1740 217.659 121124
1741 217.663 120899
1742 217.666 120591
1743 217.670 120324
1744 217.674 119562
1745 217.678 118794
1746 217.682 117699
1747 217.686 116506
1748 217.690 115206
1749 217.693 113617
1750 217.697 111906
1751 217.701 110154
1752 217.705 107952
1753 217.709 105660
1754 217.713 103263
1755 217.717 100541
1756 217.721 97726
1757 217.724 94936
1758 217.728 92115
1759 217.732 89189
1760 217.736 86367
1761 217.740 83510
1762 217.744 80533
1763 217.748 77728
1764 217.751 74934
1765 217.755 72017
1766 217.759 69195
1767 217.763 66361
1768 217.767 63615
1769 217.771 60859
1770 217.775 58160
1771 217.778 55442
1772 217.782 52855
1773 217.786 50359
1774 217.790 47996
1775 217.794 45724
1776 217.798 43644
1777 217.802 41863
1778 217.806 40163
1779 217.809 38416
1780 217.813 36649
1781 217.817 35101
1782 217.821 33647
1783 217.825 32284
1784 217.829 31006
1785 217.833 29909
1786 217.837 28745
1787 217.840 27491
1788 217.844 26473
1789 217.848 25669
1790 217.852 24818
1791 217.856 24225
1792 217.860 23598
1793 217.864 22893
1794 217.867 22302
1795 217.871 21789
1796 217.875 21290
1797 217.879 20739
1798 217.883 20262
1799 217.887 19929
1800 217.891 19607
1801 217.895 19315
1802 217.898 19002
1803 217.902 18725
1804 217.906 18453
1805 217.910 18157
1806 217.914 17853
1807 217.918 17730
1808 217.922 17449
1809 217.926 17077
1810 217.929 16959
1811 217.933 16941
1812 217.937 16737
1813 217.941 16419
1814 217.945 16119
1815 217.949 15873
1816 217.953 15715
1817 217.957 15609
1818 217.960 15529
1819 217.964 15379
1820 217.968 15131
1821 217.972 15038
1822 217.976 15039
1823 217.980 14780
1824 217.984 14641
1825 217.988 14478
1826 217.992 14347
1827 217.995 14264
1828 217.999 14078
1829 218.003 13962
1830 218.007 13884
1831 218.011 13791
1832 218.015 13724
1833 218.019 13682
1834 218.023 13645
1835 218.026 13522
1836 218.030 13445
1837 218.034 13409
1838 218.038 13312
1839 218.042 13230
1840 218.046 13196
1841 218.050 13247
1842 218.054 13195
1843 218.058 13122
1844 218.061 13019
1845 218.065 12748
1846 218.069 12759
1847 218.073 12662
1848 218.077 12639
1849 218.081 12543
1850 218.085 12521
1851 218.089 12462
1852 218.093 12402
1853 218.096 12305
1854 218.100 12381
1855 218.104 12446
1856 218.108 12407
1857 218.112 12292
1858 218.116 12261
1859 218.120 12299
1860 218.124 12330
1861 218.127 12243
1862 218.131 12124
1863 218.135 12087
1864 218.139 12096
1865 218.143 12133
1866 218.147 12097
1867 218.151 12018
1868 218.155 12035
1869 218.159 12028
1870 218.163 11981
1871 218.166 12070
1872 218.170 12037
1873 218.174 12063
1874 218.178 12053
1875 218.182 12094
1876 218.186 12057
1877 218.190 11927
1878 218.194 11859
1879 218.198 11901
1880 218.201 11927
1881 218.205 11966
1882 218.209 11766
1883 218.213 11631
1884 218.217 11673
1885 218.221 11763
1886 218.225 11870
1887 218.229 11989
1888 218.233 11977
1889 218.237 11870
1890 218.240 11758
1891 218.244 11653
1892 218.248 11548
1893 218.252 11592
1894 218.256 11678
1895 218.260 11744
1896 218.264 11715
1897 218.268 11681
1898 218.272 11724
1899 218.275 11664
1900 218.279 11621
1901 218.283 11658
1902 218.287 11662
1903 218.291 11706
1904 218.295 11628
1905 218.299 11573
1906 218.303 11713
1907 218.307 11638
1908 218.311 11543
1909 218.314 11590
1910 218.318 11631
1911 218.322 11644
1912 218.326 11749
1913 218.330 11813
1914 218.334 11806
1915 218.338 11804
1916 218.342 11813
1917 218.346 11765
1918 218.350 11651
1919 218.354 11586
1920 218.357 11690
1921 218.361 11895
1922 218.365 11837
1923 218.369 11685
1924 218.373 11733
1925 218.377 11791
1926 218.381 11644
1927 218.385 11680
1928 218.389 11758
1929 218.393 11742
1930 218.396 11714
1931 218.400 11721
1932 218.404 11697
1933 218.408 11884
1934 218.412 11853
1935 218.416 11828
1936 218.420 11850
1937 218.424 11756
1938 218.428 11684
1939 218.432 11747
1940 218.436 11758
1941 218.439 11695
1942 218.443 11634
1943 218.447 11762
1944 218.451 11743
1945 218.455 11695
1946 218.459 11643
1947 218.463 11676
1948 218.467 11666
1949 218.471 11749
1950 218.475 11877
1951 218.479 11909
1952 218.483 11860
1953 218.486 11949
1954 218.490 11826
1955 218.494 11727
1956 218.498 11760
1957 218.502 11763
1958 218.506 11659
1959 218.510 11736
1960 218.514 11789
1961 218.518 11684
1962 218.522 11632
1963 218.526 11598
1964 218.529 11551
1965 218.533 11638
1966 218.537 11727
1967 218.541 11777
1968 218.545 11794
1969 218.549 11943
1970 218.553 11977
1971 218.557 11882
1972 218.561 11927
1973 218.565 11985
1974 218.569 12028
1975 218.573 12007
1976 218.576 11911
1977 218.580 11735
1978 218.584 11791
1979 218.588 11823
1980 218.592 11703
1981 218.596 11700
1982 218.600 11760
1983 218.604 11850
1984 218.608 12055
1985 218.612 12226
1986 218.616 12129
1987 218.620 12040
1988 218.624 12058
1989 218.627 12168
1990 218.631 12163
1991 218.635 12172
1992 218.639 12153
1993 218.643 12175
1994 218.647 12244
1995 218.651 12337
1996 218.655 12466
1997 218.659 12611
1998 218.663 12711
1999 218.667 12917
2000 218.671 12911
2001 218.675 12945
2002 218.678 13044
2003 218.682 13120
2004 218.686 13176
2005 218.690 13209
2006 218.694 13329
2007 218.698 13541
2008 218.702 13723
2009 218.706 13846
2010 218.710 14016
2011 218.714 14043
2012 218.718 14065
2013 218.722 14327
2014 218.726 14501
2015 218.730 14689
2016 218.733 14849
2017 218.737 14917
2018 218.741 15125
2019 218.745 15327
2020 218.749 15634
2021 218.753 15779
2022 218.757 15894
2023 218.761 16061
2024 218.765 16292
2025 218.769 16696
2026 218.773 16977
2027 218.777 17234
2028 218.781 17439
2029 218.785 17920
2030 218.789 18303
2031 218.792 18587
2032 218.796 18893
2033 218.800 19257
2034 218.804 19604
2035 218.808 20001
2036 218.812 20450
2037 218.816 21029
2038 218.820 21581
2039 218.824 22015
2040 218.828 22490
2041 218.832 23141
2042 218.836 23795
2043 218.840 24415
2044 218.844 25050
2045 218.848 25818
2046 218.851 26579
2047 218.855 27554
2048 218.859 28519
2049 218.863 29466
2050 218.867 30569
2051 218.871 31685
2052 218.875 33008
2053 218.879 34535
2054 218.883 36135
2055 218.887 37757
2056 218.891 39486
2057 218.895 41299
2058 218.899 43414
2059 218.903 45668
2060 218.907 48089
2061 218.911 50860
2062 218.915 53643
2063 218.918 56714
2064 218.922 60119
2065 218.926 63704
2066 218.930 67425
2067 218.934 71398
2068 218.938 75424
2069 218.942 79293
2070 218.946 83500
2071 218.950 87787
2072 218.954 92168
2073 218.958 96598
2074 218.962 100927
2075 218.966 105406
2076 218.970 109513
2077 218.974 113552
2078 218.978 117412
2079 218.982 120781
2080 218.986 123736
2081 218.989 126231
2082 218.993 128187
2083 218.997 129769
2084 219.001 130769
2085 219.005 131706
2086 219.009 132367
2087 219.013 132883
2088 219.017 133083
2089 219.021 133030
2090 219.025 132222
2091 219.029 130762
2092 219.033 128705
2093 219.037 126222
2094 219.041 123233
2095 219.045 119837
2096 219.049 115999
2097 219.053 111798
2098 219.057 107058
2099 219.061 102130
2100 219.065 97019
2101 219.068 91709
2102 219.072 86166
2103 219.076 80711
2104 219.080 75268
2105 219.084 70219
2106 219.088 65399
2107 219.092 60769
2108 219.096 56631
2109 219.100 52613
2110 219.104 49002
2111 219.108 45714
2112 219.112 42572
2113 219.116 39843
2114 219.120 37306
2115 219.124 34934
2116 219.128 32707
2117 219.132 30873
2118 219.136 29260
2119 219.140 27796
2120 219.144 26221
2121 219.148 24794
2122 219.152 23599
2123 219.155 22605
2124 219.159 21634
2125 219.163 20730
2126 219.167 19995
2127 219.171 19289
2128 219.175 18609
2129 219.179 17835
2130 219.183 17256
2131 219.187 16738
2132 219.191 16185
2133 219.195 15591
2134 219.199 15038
2135 219.203 14646
2136 219.207 14148
2137 219.211 13510
2138 219.215 13152
2139 219.219 12816
2140 219.223 12543
2141 219.227 12325
2142 219.231 12025
2143 219.235 11795
2144 219.239 11552
2145 219.243 11343
2146 219.247 11202
2147 219.251 11013
2148 219.255 10872
2149 219.259 10758
2150 219.262 10703
2151 219.266 10489
2152 219.270 10459
2153 219.274 10395
2154 219.278 10272
2155 219.282 10124
2156 219.286 10126
2157 219.290 10198
2158 219.294 10217
2159 219.298 10284
2160 219.302 10315
2161 219.306 10292
2162 219.310 10393
2163 219.314 10597
2164 219.318 10691
2165 219.322 10824
2166 219.326 11037
2167 219.330 11260
2168 219.334 11555
2169 219.338 11787
2170 219.342 12168
2171 219.346 12630
2172 219.350 13026
2173 219.354 13495
2174 219.358 13980
2175 219.362 14620
2176 219.366 15372
2177 219.370 16041
2178 219.374 16828
2179 219.378 18025
2180 219.382 19219
2181 219.386 20598
2182 219.390 22187
2183 219.393 24049
2184 219.397 26098
2185 219.401 28510
2186 219.405 31358
2187 219.409 34456
2188 219.413 37928
2189 219.417 41594
2190 219.421 45486
2191 219.425 49520
2192 219.429 53596
2193 219.433 57487
2194 219.437 61189
2195 219.441 64678
2196 219.445 67794
2197 219.449 70360
2198 219.453 72165
2199 219.457 73185
2200 219.461 73572
2201 219.465 73180
2202 219.469 71894
2203 219.473 69634
2204 219.477 66487
2205 219.481 62821
2206 219.485 58653
2207 219.489 54068
2208 219.493 49282
2209 219.497 44826
2210 219.501 40776
2211 219.505 37147
2212 219.509 33949
2213 219.513 31241
2214 219.517 28977
2215 219.521 26902
2216 219.525 25032
2217 219.529 23435
2218 219.533 21989
2219 219.537 20781
2220 219.541 19769
2221 219.545 19095
2222 219.549 18468
2223 219.553 17965
2224 219.557 17606
2225 219.561 17298
2226 219.565 17271
2227 219.569 17363
2228 219.573 17787
2229 219.577 18389
2230 219.581 19057
2231 219.585 19803
2232 219.589 20746
2233 219.593 22105
2234 219.597 23633
2235 219.601 25692
2236 219.605 28204
2237 219.609 31098
2238 219.612 34297
2239 219.616 37910
2240 219.620 42078
2241 219.624 46356
2242 219.628 50868
2243 219.632 55395
2244 219.636 59656
2245 219.640 63754
2246 219.644 67474
2247 219.648 70527
2248 219.652 72907
2249 219.656 74145
2250 219.660 74116
2251 219.664 73115
2252 219.668 71042
2253 219.672 68318
2254 219.676 64713
2255 219.680 60366
2256 219.684 55428
2257 219.688 50419
2258 219.692 45450
2259 219.696 40836
2260 219.700 36560
2261 219.704 32645
2262 219.708 29157
2263 219.712 26331
2264 219.716 23948
2265 219.720 21876
2266 219.724 20133
2267 219.728 18766
2268 219.732 17543
2269 219.736 16516
2270 219.740 15568
2271 219.744 14656
2272 219.748 13952
2273 219.752 13245
2274 219.756 12647
2275 219.760 12195
2276 219.764 11834
2277 219.768 11510
2278 219.772 11278
2279 219.776 11062
2280 219.780 10800
2281 219.784 10704
2282 219.788 10689
2283 219.792 10562
2284 219.796 10570
2285 219.800 10645
2286 219.804 10664
2287 219.808 10747
2288 219.812 10904
2289 219.816 11050
2290 219.820 11295
2291 219.824 11631
2292 219.828 11804
2293 219.832 12171
2294 219.836 12524
2295 219.840 13055
2296 219.844 13716
2297 219.848 14460
2298 219.852 15303
2299 219.856 16298
2300 219.860 17398
2301 219.864 18747
2302 219.868 20428
2303 219.872 22503
2304 219.876 25039
2305 219.880 28030
2306 219.884 31567
2307 219.888 35978
2308 219.892 41228
2309 219.896 47269
2310 219.900 53923
2311 219.904 61296
2312 219.908 68961
2313 219.912 76926
2314 219.916 84587
2315 219.920 91521
2316 219.925 97390
2317 219.929 101844
2318 219.933 104782
2319 219.937 106039
2320 219.941 105191
2321 219.945 102477
2322 219.949 97982
2323 219.953 91966
2324 219.957 84758
2325 219.961 76795
2326 219.965 68450
2327 219.969 60185
2328 219.973 52448
2329 219.977 45305
2330 219.981 39359
2331 219.985 34479
2332 219.989 30358
2333 219.993 27005
2334 219.997 24204
2335 220.001 21952
2336 220.005 19997
2337 220.009 18338
2338 220.013 17043
2339 220.017 16083
2340 220.021 15226
2341 220.025 14520
2342 220.029 13809
2343 220.033 13093
2344 220.037 12443
2345 220.041 11848
2346 220.045 11471
2347 220.049 11093
2348 220.053 10734
2349 220.057 10479
2350 220.061 10473
2351 220.065 10441
2352 220.069 10354
2353 220.073 10332
2354 220.077 10336
2355 220.081 10484
2356 220.085 10684
2357 220.089 10874
2358 220.093 11136
2359 220.097 11583
2360 220.101 12104
2361 220.105 12642
2362 220.109 13334
2363 220.113 14395
2364 220.117 15384
2365 220.121 16623
2366 220.125 18808
2367 220.129 21396
2368 220.133 24386
2369 220.137 27808
2370 220.141 31687
2371 220.146 35999
2372 220.150 40636
2373 220.154 45381
2374 220.158 49865
2375 220.162 54053
2376 220.166 57351
2377 220.170 59552
2378 220.174 60561
2379 220.178 60128
2380 220.182 58176
2381 220.186 54957
2382 220.190 50729
2383 220.194 45859
2384 220.198 40894
2385 220.202 35903
2386 220.206 31304
2387 220.210 27186
2388 220.214 23570
2389 220.218 20491
2390 220.222 17700
2391 220.226 15695
2392 220.230 14500
2393 220.234 13892
2394 220.238 13839
2395 220.242 14361
2396 220.246 15515
2397 220.250 17070
2398 220.254 19076
2399 220.258 21731
2400 220.262 24617
2401 220.266 28089
2402 220.270 32104
2403 220.274 36817
2404 220.279 42097
2405 220.283 47603
2406 220.287 53140
2407 220.291 58169
2408 220.295 61975
2409 220.299 64391
2410 220.303 65078
2411 220.307 64022
2412 220.311 60981
2413 220.315 56464
2414 220.319 50848
2415 220.323 44943
2416 220.327 39058
2417 220.331 33448
2418 220.335 28715
2419 220.339 24932
2420 220.343 21940
2421 220.347 19248
2422 220.351 17058
2423 220.355 15553
2424 220.359 14302
2425 220.363 13168
2426 220.367 12202
2427 220.371 11457
2428 220.375 10880
2429 220.379 10522
2430 220.384 10236
2431 220.388 10020
2432 220.392 9978
2433 220.396 9881
2434 220.400 9724
2435 220.404 9691
2436 220.408 9810
2437 220.412 9987
2438 220.416 10311
2439 220.420 10639
2440 220.424 11056
2441 220.428 11597
2442 220.432 12390
2443 220.436 13440
2444 220.440 14649
2445 220.444 16039
2446 220.448 17816
2447 220.452 19985
2448 220.456 22700
2449 220.460 26228
2450 220.464 30421
2451 220.468 35544
2452 220.473 41640
2453 220.477 48554
2454 220.481 55989
2455 220.485 63600
2456 220.489 70183
2457 220.493 75473
2458 220.497 78779
2459 220.501 79774
2460 220.505 78294
2461 220.509 74294
2462 220.513 68081
2463 220.517 60427
2464 220.521 52085
2465 220.525 43842
2466 220.529 36642
2467 220.533 30671
2468 220.537 25741
2469 220.541 21981
2470 220.545 19301
2471 220.550 17037
2472 220.554 15343
2473 220.558 14127
2474 220.562 12934
2475 220.566 12113
2476 220.570 11467
2477 220.574 10895
2478 220.578 10316
2479 220.582 9896
2480 220.586 9630
2481 220.590 9396
2482 220.594 9088
2483 220.598 8965
2484 220.602 8891
2485 220.606 8918
2486 220.610 8992
2487 220.614 9150
2488 220.618 9588
2489 220.623 10092
2490 220.627 10708
2491 220.631 11472
2492 220.635 12558
2493 220.639 13705
2494 220.643 14993
2495 220.647 16662
2496 220.651 18827
2497 220.655 21587
2498 220.659 24862
2499 220.663 28654
2500 220.667 32688
2501 220.671 36575
2502 220.675 39556
2503 220.679 41407
2504 220.683 41913
2505 220.688 40776
2506 220.692 38378
2507 220.696 34837
2508 220.700 30703
2509 220.704 26621
2510 220.708 23072
2511 220.712 20068
2512 220.716 17697
2513 220.720 16047
2514 220.724 14943
2515 220.728 14112
2516 220.732 13712
2517 220.736 13608
2518 220.740 13956
2519 220.744 14541
2520 220.748 15429
2521 220.753 16717
2522 220.757 18664
2523 220.761 21351
2524 220.765 24604
2525 220.769 28154
2526 220.773 31727
2527 220.777 34916
2528 220.781 37225
2529 220.785 38311
2530 220.789 37665
2531 220.793 35660
2532 220.797 32278
2533 220.801 28508
2534 220.805 24662
2535 220.810 21052
2536 220.814 17876
2537 220.818 15424
2538 220.822 13521
2539 220.826 11716
2540 220.830 10399
2541 220.834 9430
2542 220.838 8717
2543 220.842 8230
2544 220.846 8050
2545 220.850 7938
2546 220.854 7831
2547 220.858 7541
2548 220.862 7303
2549 220.867 7297
2550 220.871 7333
2551 220.875 7476
2552 220.879 7810
2553 220.883 8149
2554 220.887 8618
2555 220.891 9293
2556 220.895 10069
2557 220.899 10895
2558 220.903 12100
2559 220.907 13484
2560 220.911 15115
2561 220.916 17134
2562 220.920 19752
2563 220.924 23258
2564 220.928 27438
2565 220.932 31974
2566 220.936 36485
2567 220.940 40332
2568 220.944 42971
2569 220.948 43854
2570 220.952 42957
2571 220.956 40374
2572 220.960 36314
2573 220.964 31307
2574 220.969 26308
2575 220.973 21753
2576 220.977 17979
2577 220.981 14956
2578 220.985 12687
2579 220.989 10959
2580 220.993 9733
2581 220.997 8799
2582 221.001 8291
2583 221.005 7925
2584 221.009 7624
2585 221.013 7439
2586 221.018 7300
2587 221.022 7174
2588 221.026 7084
2589 221.030 6978
2590 221.034 6930
2591 221.038 7059
2592 221.042 7104
2593 221.046 7265
2594 221.050 7439
2595 221.054 7836
2596 221.058 8315
2597 221.063 8819
2598 221.067 9580
2599 221.071 10550
2600 221.075 11858
2601 221.079 13625
2602 221.083 15607
2603 221.087 17768
2604 221.091 20003
2605 221.095 22130
2606 221.099 23515
2607 221.103 23739
2608 221.108 22924
2609 221.112 21330
2610 221.116 19198
2611 221.120 16990
2612 221.124 15044
2613 221.128 13411
2614 221.132 12073
2615 221.136 11071
2616 221.140 10425
2617 221.144 10148
2618 221.148 10052
2619 221.153 10078
2620 221.157 10325
2621 221.161 10888
2622 221.165 11599
2623 221.169 12845
2624 221.173 14607
2625 221.177 16666
2626 221.181 18738
2627 221.185 20432
2628 221.189 21405
2629 221.194 21435
2630 221.198 20465
2631 221.202 18618
2632 221.206 16304
2633 221.210 14071
2634 221.214 12029
2635 221.218 10233
2636 221.222 8804
2637 221.226 7834
2638 221.230 7082
2639 221.235 6531
2640 221.239 6102
2641 221.243 5822
2642 221.247 5623
2643 221.251 5554
2644 221.255 5564
2645 221.259 5646
2646 221.263 5807
2647 221.267 5942
2648 221.271 6122
2649 221.276 6397
2650 221.280 6702
2651 221.284 7099
2652 221.288 7528
2653 221.292 8000
2654 221.296 8584
2655 221.300 9365
2656 221.304 10446
2657 221.308 11948
2658 221.313 13876
2659 221.317 16137
2660 221.321 18250
2661 221.325 20285
2662 221.329 21654
2663 221.333 22173
2664 221.337 21487
2665 221.341 19895
2666 221.345 17593
2667 221.350 14951
2668 221.354 12426
2669 221.358 10357
2670 221.362 8555
2671 221.366 7246
2672 221.370 6376
2673 221.374 5907
2674 221.378 5646
2675 221.382 5393
2676 221.387 5277
2677 221.391 5227
2678 221.395 5152
2679 221.399 5266
2680 221.403 5403
2681 221.407 5521
2682 221.411 5585
2683 221.415 5646
2684 221.419 5739
2685 221.424 5779
2686 221.428 6060
2687 221.432 6272
2688 221.436 6609
2689 221.440 6912
2690 221.444 7497
2691 221.448 8195
2692 221.452 9161
2693 221.456 10383
2694 221.461 11528
2695 221.465 12568
2696 221.469 13111
2697 221.473 13006
2698 221.477 12294
2699 221.481 11228
2700 221.485 10054
2701 221.489 8929
2702 221.494 8128
2703 221.498 7513
2704 221.502 7197
2705 221.506 7063
2706 221.510 7095
2707 221.514 7127
2708 221.518 7152
2709 221.522 7325
2710 221.527 7859
2711 221.531 8506
2712 221.535 9216
2713 221.539 10199
2714 221.543 11046
2715 221.547 11469
2716 221.551 11355
2717 221.555 10637
2718 221.559 9490
2719 221.564 8286
2720 221.568 7154
2721 221.572 6079
2722 221.576 5422
2723 221.580 5094
2724 221.584 4691
2725 221.588 4400
2726 221.592 4187
2727 221.597 4022
2728 221.601 4107
2729 221.605 4106
2730 221.609 4287
2731 221.613 4450
2732 221.617 4664
2733 221.621 4877
2734 221.626 5008
2735 221.630 5235
2736 221.634 5929
2737 221.638 6658
2738 221.642 6474
2739 221.646 6554
2740 221.650 7050
2741 221.654 7812
2742 221.659 8695
2743 221.663 9977
2744 221.667 11391
2745 221.671 12391
2746 221.675 12787
2747 221.679 12469
2748 221.683 11542
2749 221.687 10113
2750 221.692 8468
2751 221.696 7088
2752 221.700 5930
2753 221.704 4998
2754 221.708 4469
2755 221.712 4066
2756 221.716 3864
2757 221.721 3735
2758 221.725 3650
2759 221.729 3703
2760 221.733 3867
2761 221.737 4075
2762 221.741 4185
2763 221.745 4165
2764 221.750 4299
2765 221.754 4433
2766 221.758 4521
2767 221.762 4623
2768 221.766 4869
2769 221.770 5070
2770 221.774 5261
2771 221.778 5584
2772 221.783 6102
2773 221.787 6657
2774 221.791 7329
2775 221.795 7988
2776 221.799 8221
2777 221.803 8040
2778 221.807 7670
2779 221.812 7034
2780 221.816 6358
2781 221.820 5931
2782 221.824 5513
2783 221.828 5279
2784 221.832 5202
2785 221.836 5244
2786 221.841 5387
2787 221.845 5433
2788 221.849 5618
2789 221.853 5987
2790 221.857 6387
2791 221.861 6791
2792 221.866 7126
2793 221.870 7267
2794 221.874 7104
2795 221.878 6559
2796 221.882 5768
2797 221.886 5020
2798 221.890 4374
2799 221.895 3912
2800 221.899 3579
2801 221.903 3348
2802 221.907 3183
2803 221.911 2987
2804 221.915 2993
2805 221.919 3023
2806 221.924 2967
2807 221.928 3063
2808 221.932 3219
2809 221.936 3447
2810 221.940 3604
2811 221.944 3684
2812 221.948 3844
2813 221.953 4043
2814 221.957 4231
2815 221.961 4545
2816 221.965 4825
2817 221.969 5166
2818 221.973 5551
2819 221.978 5915
2820 221.982 6261
2821 221.986 6493
2822 221.990 6411
2823 221.994 6001
2824 221.998 5417
2825 222.002 4658
2826 222.007 3926
2827 222.011 3355
2828 222.015 2949
2829 222.019 2562
2830 222.023 2298
2831 222.027 2191
2832 222.032 2177
2833 222.036 2238
2834 222.040 2273
2835 222.044 2327
2836 222.048 2418
2837 222.052 2408
2838 222.057 2538
2839 222.061 2766
2840 222.065 2757
2841 222.069 2794
2842 222.073 2916
2843 222.077 2996
2844 222.081 3095
2845 222.086 3227
2846 222.090 3416
2847 222.094 3528
2848 222.098 3679
2849 222.102 3671
2850 222.106 3628
2851 222.111 3420
2852 222.115 3115
2853 222.119 3013
2854 222.123 2937
2855 222.127 2815
2856 222.131 2801
2857 222.136 2815
2858 222.140 2890
2859 222.144 2854
2860 222.148 2790
2861 222.152 2824
2862 222.156 2944
2863 222.161 2941
2864 222.165 2943
2865 222.169 2951
2866 222.173 2793
2867 222.177 2510
2868 222.181 2401
2869 222.186 2239
2870 222.190 2116
2871 222.194 2017
2872 222.198 1976
2873 222.202 1999
2874 222.206 2058
2875 222.211 2076
2876 222.215 2034
2877 222.219 2076
2878 222.223 2025
2879 222.227 2036
2880 222.231 2050
2881 222.236 2126
2882 222.240 2234
2883 222.244 2387
2884 222.248 2515
2885 222.252 2524
2886 222.257 2460
2887 222.261 2560
2888 222.265 2537
2889 222.269 2569
2890 222.273 2755
2891 222.277 2909
2892 222.282 2984
2893 222.286 2958
2894 222.290 2830
2895 222.294 2573
2896 222.298 2444
2897 222.302 2419
2898 222.307 2386
2899 222.311 2247
2900 222.315 2153
2901 222.319 2178
2902 222.323 2313
2903 222.328 2442
2904 222.332 2479
2905 222.336 2542
2906 222.340 2525
2907 222.344 2544
2908 222.348 2420
2909 222.353 2523
2910 222.357 2538
2911 222.361 2452
2912 222.365 2460
2913 222.369 2483
2914 222.374 2550
2915 222.378 2572
2916 222.382 2598
2917 222.386 2684
2918 222.390 2726
2919 222.394 2792
2920 222.399 2893
2921 222.403 2878
2922 222.407 2863
2923 222.411 2863
2924 222.415 2996
2925 222.420 3109
2926 222.424 3062
2927 222.428 3056
2928 222.432 3195
2929 222.436 3213
2930 222.440 3256
2931 222.445 3141
2932 222.449 3023
2933 222.453 2987
2934 222.457 3016
2935 222.461 3055
2936 222.466 3097
2937 222.470 3157
2938 222.474 3248
2939 222.478 3270
2940 222.482 3268
2941 222.487 3468
2942 222.491 3454
2943 222.495 3450
2944 222.499 3361
2945 222.503 3267
2946 222.507 3248
2947 222.512 3073
2948 222.516 2989
2949 222.520 3041
2950 222.524 3048
2951 222.528 2973
2952 222.533 3086
2953 222.537 3143
2954 222.541 3139
2955 222.545 3194
2956 222.549 3335
2957 222.554 3575
2958 222.558 3835
2959 222.562 3891
2960 222.566 4037
2961 222.570 4172
2962 222.575 4194
2963 222.579 4161
2964 222.583 4148
2965 222.587 4146
2966 222.591 4053
2967 222.596 3931
2968 222.600 3907
2969 222.604 3857
2970 222.608 3749
2971 222.612 3599
2972 222.617 3468
2973 222.621 3194
2974 222.625 3125
2975 222.629 3231
2976 222.633 3137
2977 222.638 3107
2978 222.642 3155
2979 222.646 3221
2980 222.650 3244
2981 222.654 3298
2982 222.659 3375
2983 222.663 3458
2984 222.667 3613
2985 222.671 3646
2986 222.675 3636
2987 222.680 3629
2988 222.684 3683
2989 222.688 3562
2990 222.692 3458
2991 222.696 3282
2992 222.701 3070
2993 222.705 3075
2994 222.709 2930
2995 222.713 2724
2996 222.717 2461
2997 222.722 2367
2998 222.726 2210
2999 222.730 2059
3000 222.734 1924
3001 222.738 1963
3002 222.743 1822
3003 222.747 1742
3004 222.751 1645
3005 222.755 1575
3006 222.760 1675
3007 222.764 1753
3008 222.768 1739
3009 222.772 1691
3010 222.776 1622
3011 222.781 1451
3012 222.785 1313
3013 222.789 1369
3014 222.793 1322
3015 222.797 1348
3016 222.802 1416
3017 222.806 1485
3018 222.810 1536
3019 222.814 1452
3020 222.818 1509
3021 222.823 1524
3022 222.827 1539
3023 222.831 1498
3024 222.835 1375
3025 222.840 1331
3026 222.844 1380
3027 222.848 1386
3028 222.852 1514
3029 222.856 1632
3030 222.861 1820
3031 222.865 2002
3032 222.869 1964
3033 222.873 1964
3034 222.877 2143
3035 222.882 2262
3036 222.886 2457
3037 222.890 2545
3038 222.894 2643
3039 222.899 2676
3040 222.903 2721
3041 222.907 2705
3042 222.911 2633
3043 222.915 2549
3044 222.920 2504
3045 222.924 2372
3046 222.928 2214
3047 222.932 2191
3048 222.937 2198
3049 222.941 2234
3050 222.945 2307
3051 222.949 2305
3052 222.953 2347
3053 222.958 2478
3054 222.962 2637
3055 222.966 2889
3056 222.970 3045
3057 222.975 3163
3058 222.979 3274
3059 222.983 3261
3060 222.987 3250
3061 222.991 3307
3062 222.996 3270
3063 223.000 3173
3064 223.004 3072
3065 223.008 3074
3066 223.013 3134
3067 223.017 2941
3068 223.021 2681
3069 223.025 2648
3070 223.030 2613
3071 223.034 2618
3072 223.038 2473
3073 223.042 2372
3074 223.046 2440
3075 223.051 2421
3076 223.055 2258
3077 223.059 2216
3078 223.063 2289
3079 223.068 2211
3080 223.072 2031
3081 223.076 1919
3082 223.080 1911
3083 223.085 1838
3084 223.089 1712
3085 223.093 1561
3086 223.097 1340
3087 223.101 1211
3088 223.106 1084
3089 223.110 933
3090 223.114 836
3091 223.118 784
3092 223.123 731
3093 223.127 585
3094 223.131 471
3095 223.135 434
3096 223.140 371
3097 223.144 180
3098 223.148 85
3099 223.152 59
3100 223.157 -84
3101 223.161 -120
3102 223.165 -46
3103 223.169 -67
3104 223.173 -179
3105 223.178 -233
3106 223.182 -131
3107 223.186 -78
3108 223.190 -158
3109 223.195 -321
3110 223.199 -365
3111 223.203 -309
3112 223.207 -201
3113 223.212 -165
3114 223.216 -233
3115 223.220 -267
3116 223.224 -266
3117 223.229 -172
3118 223.233 -223
3119 223.237 -366
3120 223.241 -386
3121 223.246 -328
3122 223.250 -401
3123 223.254 -392
3124 223.258 -374
3125 223.263 -469
3126 223.267 -522
3127 223.271 -523
3128 223.275 -562
3129 223.280 -608
3130 223.284 -573
3131 223.288 -457
3132 223.292 -426
3133 223.297 -390
3134 223.301 -469
3135 223.305 -454
3136 223.309 -422
3137 223.314 -424
3138 223.318 -399
3139 223.322 -376
3140 223.326 -475
3141 223.331 -557
3142 223.335 -554
3143 223.339 -495
3144 223.343 -431
3145 223.348 -402
3146 223.352 -453
3147 223.356 -467
3148 223.360 -432
3149 223.365 -419
3150 223.369 -425
3151 223.373 -426
3152 223.377 -435
3153 223.382 -489
3154 223.386 -567
3155 223.390 -585
3156 223.394 -523
3157 223.399 -450
3158 223.403 -437
3159 223.407 -415
3160 223.411 -463
3161 223.416 -545
3162 223.420 -603
3163 223.424 -658
3164 223.428 -576
3165 223.433 -505
3166 223.437 -484
3167 223.441 -507
3168 223.445 -466
3169 223.450 -436
3170 223.454 -507
3171 223.458 -454
3172 223.462 -459
3173 223.467 -482
3174 223.471 -500
3175 223.475 -489
3176 223.479 -434
3177 223.484 -479
3178 223.488 -590
3179 223.492 -621
3180 223.497 -469
3181 223.501 -430
3182 223.505 -448
3183 223.509 -537
3184 223.514 -614
3185 223.518 -546
3186 223.522 -528
3187 223.526 -546
3188 223.531 -617
3189 223.535 -605
3190 223.539 -590
3191 223.543 -543
3192 223.548 -575
3193 223.552 -620
3194 223.556 -514
3195 223.561 -447
3196 223.565 -514
3197 223.569 -539
3198 223.573 -514
3199 223.578 -522
3200 223.582 -524
3201 223.586 -436
3202 223.590 -642
3203 223.595 -616
3204 223.599 -573
3205 223.603 -535
3206 223.607 -451
3207 223.612 -523
3208 223.616 -575
3209 223.620 -586
3210 223.625 -603
3211 223.629 -515
3212 223.633 -577
3213 223.637 -589
3214 223.642 -639
3215 223.646 -671
3216 223.650 -675
3217 223.654 -578
3218 223.659 -563
3219 223.663 -560
3220 223.667 -621
3221 223.672 -552
3222 223.676 -556
3223 223.680 -544
3224 223.684 -557
3225 223.689 -489
3226 223.693 -446
3227 223.697 -504
3228 223.701 -473
3229 223.706 -518
3230 223.710 -548
3231 223.714 -609
3232 223.719 -648
3233 223.723 -680
3234 223.727 -625
3235 223.731 -551
3236 223.736 -386
3237 223.740 -369
3238 223.744 -487
3239 223.749 -509
3240 223.753 -443
3241 223.757 -523
3242 223.761 -567
3243 223.766 -533
3244 223.770 -562
3245 223.774 -537
3246 223.779 -512
3247 223.783 -434
3248 223.787 -548
3249 223.791 -545
3250 223.796 -458
3251 223.800 -440
3252 223.804 -488
3253 223.809 -507
3254 223.813 -574
3255 223.817 -519
3256 223.821 -550
3257 223.826 -581
3258 223.830 -568
3259 223.834 -528
3260 223.839 -520
3261 223.843 -532
3262 223.847 -512
3263 223.851 -484
3264 223.856 -506
3265 223.860 -565
3266 223.864 -595
3267 223.869 -541
3268 223.873 -525
3269 223.877 -498
3270 223.881 -526
3271 223.886 -530
3272 223.890 -632
3273 223.894 -600
3274 223.899 -564
3275 223.903 -589
3276 223.907 -578
3277 223.911 -489
3278 223.916 -368
3279 223.920 -355
3280 223.924 -447
3281 223.929 -547
3282 223.933 -593
3283 223.937 -529
3284 223.941 -536
3285 223.946 -453
3286 223.950 -507
3287 223.954 -570
3288 223.959 -489
3289 223.963 -561
3290 223.967 -539
3291 223.972 -479
3292 223.976 -342
3293 223.980 -342
3294 223.984 -525
3295 223.989 -661
3296 223.993 -631
3297 223.997 -562
3298 224.002 -486
3299 224.006 -400
3300 224.010 -454
3301 224.015 -459
3302 224.019 -483
3303 224.023 -487
3304 224.027 -445
3305 224.032 -472
3306 224.036 -482
3307 224.040 -527
3308 224.045 -469
3309 224.049 -458
3310 224.053 -514
3311 224.058 -567
3312 224.062 -568
3313 224.066 -541
3314 224.070 -411
3315 224.075 -343
3316 224.079 -345
3317 224.083 -329
3318 224.088 -402
3319 224.092 -491
3320 224.096 -559
3321 224.101 -511
3322 224.105 -389
3323 224.109 -365
3324 224.114 -495
3325 224.118 -651
3326 224.122 -650
3327 224.126 -528
3328 224.131 -474
3329 224.135 -463
3330 224.139 -404
3331 224.144 -428
3332 224.148 -522
3333 224.152 -504
3334 224.157 -434
3335 224.161 -476
3336 224.165 -542
3337 224.170 -530
3338 224.174 -600
3339 224.178 -548
3340 224.182 -515
3341 224.187 -474
3342 224.191 -466
3343 224.195 -465
3344 224.200 -463
3345 224.204 -403
3346 224.208 -414
3347 224.213 -550
3348 224.217 -472
3349 224.221 -412
3350 224.226 -401
3351 224.230 -401
3352 224.234 -413
3353 224.239 -427
3354 224.243 -400
3355 224.247 -442
3356 224.252 -408
3357 224.256 -346
3358 224.260 -426
3359 224.264 -469
3360 224.269 -450
3361 224.273 -455
3362 224.277 -409
3363 224.282 -448
3364 224.286 -455
3365 224.290 -500
3366 224.295 -420
3367 224.299 -448
3368 224.303 -402
3369 224.308 -466
3370 224.312 -523
3371 224.316 -508
3372 224.321 -399
3373 224.325 -465
3374 224.329 -468
3375 224.334 -459
3376 224.338 -413
3377 224.342 -417
3378 224.347 -351
3379 224.351 -328
3380 224.355 -341
3381 224.360 -416
3382 224.364 -433
3383 224.368 -470
3384 224.372 -483
3385 224.377 -392
3386 224.381 -428
3387 224.385 -553
3388 224.390 -527
3389 224.394 -505
3390 224.398 -483
3391 224.403 -458
3392 224.407 -453
3393 224.411 -491
3394 224.416 -544
3395 224.420 -562
3396 224.424 -655
3397 224.429 -572
3398 224.433 -488
3399 224.437 -497
3400 224.442 -599
3401 224.446 -496
3402 224.450 -510
3403 224.455 -549
3404 224.459 -491
3405 224.463 -431
3406 224.468 -445
3407 224.472 -308
3408 224.476 -261
3409 224.481 -420
3410 224.485 -512
3411 224.489 -534
3412 224.494 -512
3413 224.498 -451
3414 224.502 -431
3415 224.507 -420
3416 224.511 -375
3417 224.515 -338
3418 224.520 -407
3419 224.524 -495
3420 224.528 -497
3421 224.533 -478
3422 224.537 -424
3423 224.541 -409
3424 224.546 -439
3425 224.550 -473
3426 224.554 -459
3427 224.559 -463
3428 224.563 -491
3429 224.567 -388
3430 224.572 -393
3431 224.576 -390
3432 224.580 -439
3433 224.585 -457
3434 224.589 -382
3435 224.594 -428
3436 224.598 -396
3437 224.602 -392
3438 224.607 -321
3439 224.611 -377
3440 224.615 -293
3441 224.620 -358
3442 224.624 -386
3443 224.628 -369
3444 224.633 -481
3445 224.637 -497
3446 224.641 -467
3447 224.646 -523
3448 224.650 -518
3449 224.654 -430
3450 224.659 -280
3451 224.663 -289
3452 224.667 -307
3453 224.672 -309
3454 224.676 -377
3455 224.680 -435
3456 224.685 -491
3457 224.689 -474
3458 224.693 -507
3459 224.698 -492
3460 224.702 -383
3461 224.707 -388
3462 224.711 -353
3463 224.715 -352
3464 224.720 -434
3465 224.724 -467
3466 224.728 -323
3467 224.733 -248
3468 224.737 -311
3469 224.741 -299
3470 224.746 -283
3471 224.750 -338
3472 224.754 -350
3473 224.759 -356
3474 224.763 -331
3475 224.767 -307
3476 224.772 -308
3477 224.776 -323
3478 224.781 -350
3479 224.785 -401
3480 224.789 -394
3481 224.794 -399
3482 224.798 -379
3483 224.802 -427
3484 224.807 -421
3485 224.811 -415
3486 224.815 -318
3487 224.820 -307
3488 224.824 -339
3489 224.828 -325
3490 224.833 -378
3491 224.837 -452
3492 224.842 -438
3493 224.846 -374
3494 224.850 -315
3495 224.855 -398
3496 224.859 -363
3497 224.863 -257
3498 224.868 -260
3499 224.872 -372
3500 224.876 -388
3501 224.881 -395
3502 224.885 -339
3503 224.889 -347
3504 224.894 -418
3505 224.898 -461
3506 224.903 -415
3507 224.907 -402
3508 224.911 -426
3509 224.916 -393
3510 224.920 -300
3511 224.924 -274
3512 224.929 -306
3513 224.933 -291
3514 224.938 -278
3515 224.942 -421
3516 224.946 -301
3517 224.951 -295
3518 224.955 -385
3519 224.959 -493
3520 224.964 -493
3521 224.968 -277
3522 224.972 -246
3523 224.977 -324
3524 224.981 -365
3525 224.986 -281
3526 224.990 -281
3527 224.994 -236
3528 224.999 -259
3529 225.003 -360
3530 225.007 -301
3531 225.012 -327
3532 225.016 -314
3533 225.021 -347
3534 225.025 -243
3535 225.029 -192
3536 225.034 -288
3537 225.038 -347
3538 225.042 -334
3539 225.047 -382
3540 225.051 -489
3541 225.056 -518
3542 225.060 -530
3543 225.064 -385
3544 225.069 -304
3545 225.073 -343
3546 225.077 -438
3547 225.082 -409
3548 225.086 -348
3549 225.091 -383
3550 225.095 -404
3551 225.099 -366
3552 225.104 -365
3553 225.108 -225
3554 225.112 -244
3555 225.117 -303
3556 225.121 -325
3557 225.126 -325
3558 225.130 -354
3559 225.134 -268
3560 225.139 -384
3561 225.143 -427
3562 225.147 -305
3563 225.152 -279
3564 225.156 -419
3565 225.161 -419
3566 225.165 -373
3567 225.169 -379
3568 225.174 -380
3569 225.178 -337
3570 225.183 -386
3571 225.187 -299
3572 225.191 -316
3573 225.196 -262
3574 225.200 -273
3575 225.204 -261
3576 225.209 -243
3577 225.213 -188
3578 225.218 -265
3579 225.222 -251
3580 225.226 -226
3581 225.231 -271
3582 225.235 -296
3583 225.240 -267
3584 225.244 -154
3585 225.248 -180
3586 225.253 -177
3587 225.257 -220
3588 225.262 -294
3589 225.266 -330
3590 225.270 -380
3591 225.275 -344
3592 225.279 -347
3593 225.284 -333
3594 225.288 -304
3595 225.292 -330
3596 225.297 -360
3597 225.301 -343
3598 225.305 -410
3599 225.310 -400
3600 225.314 -424
3601 225.319 -381
3602 225.323 -311
3603 225.327 -379
3604 225.332 -424
3605 225.336 -499
3606 225.341 -402
3607 225.345 -327
3608 225.349 -407
3609 225.354 -341
3610 225.358 -409
3611 225.363 -386
3612 225.367 -352
3613 225.371 -388
3614 225.376 -431
3615 225.380 -427
3616 225.385 -339
3617 225.389 -303
3618 225.393 -373
3619 225.398 -408
3620 225.402 -415
3621 225.407 -385
3622 225.411 -239
3623 225.415 -238
3624 225.420 -327
3625 225.424 -282
3626 225.429 -259
3627 225.433 -236
3628 225.437 -226
3629 225.442 -241
3630 225.446 -198
3631 225.451 -280
3632 225.455 -423
3633 225.459 -540
3634 225.464 -389
3635 225.468 -209
3636 225.473 -304
3637 225.477 -308
3638 225.481 -293
3639 225.486 -280
3640 225.490 -335
3641 225.495 -432
3642 225.499 -374
3643 225.504 -202
3644 225.508 -129
3645 225.512 -242
3646 225.517 -342
3647 225.521 -309
3648 225.526 -375
