1 211.301 19
2 211.305 25
3 211.308 17
4 211.312 -37
5 211.315 -99
6 211.319 -97
7 211.322 1
8 211.325 16
9 211.329 29
10 211.332 -3
11 211.336 32
12 211.339 17
13 211.343 30
14 211.346 2
15 211.350 -23
16 211.353 -53
17 211.357 -95
18 211.360 -118
19 211.364 -83
20 211.367 -26
21 211.371 -105
22 211.374 -180
23 211.378 -182
24 211.381 -86
25 211.385 -46
26 211.388 -39
27 211.392 22
28 211.395 0
29 211.398 47
30 211.402 -63
31 211.405 -207
32 211.409 -500
33 211.412 -693
34 211.416 -825
35 211.419 -846
36 211.423 -825
37 211.426 -746
38 211.430 -721
39 211.433 -718
40 211.437 -725
41 211.440 -801
42 211.444 -707
43 211.447 -727
44 211.451 -776
45 211.454 -927
46 211.458 -867
47 211.461 -942
48 211.465 -923
49 211.468 -833
50 211.472 -758
51 211.475 -779
52 211.478 -875
53 211.482 -798
54 211.485 -673
55 211.489 -806
56 211.492 -793
57 211.496 -826
58 211.499 -799
59 211.503 -768
60 211.506 -756
61 211.510 -796
62 211.513 -866
63 211.517 -883
64 211.520 -838
65 211.524 -867
66 211.527 -923
67 211.531 -843
68 211.534 -818
69 211.538 -935
70 211.541 -919
71 211.545 -909
72 211.548 -870
73 211.552 -805
74 211.555 -767
75 211.559 -836
76 211.562 -891
77 211.566 -892
78 211.569 -871
79 211.573 -880
80 211.576 -849
81 211.580 -798
82 211.583 -753
83 211.587 -742
84 211.590 -745
85 211.593 -811
86 211.597 -794
87 211.600 -804
88 211.604 -809
89 211.607 -715
90 211.611 -817
91 211.614 -873
92 211.618 -858
93 211.621 -812
94 211.625 -883
95 211.628 -876
96 211.632 -863
97 211.635 -912
98 211.639 -880
99 211.642 -903
100 211.646 -925
101 211.649 -911
102 211.653 -790
103 211.656 -725
104 211.660 -799
105 211.663 -743
106 211.667 -688
107 211.670 -684
108 211.674 -717
109 211.677 -784
110 211.681 -825
111 211.684 -856
112 211.688 -757
113 211.691 -816
114 211.695 -961
115 211.698 -969
116 211.702 -889
117 211.705 -915
118 211.709 -951
119 211.712 -968
120 211.716 -942
121 211.719 -908
122 211.723 -947
123 211.726 -950
124 211.730 -953
125 211.733 -953
126 211.737 -989
127 211.740 -933
128 211.744 -829
129 211.747 -841
130 211.751 -891
131 211.754 -866
132 211.758 -936
133 211.761 -910
134 211.765 -905
135 211.768 -904
136 211.772 -823
137 211.775 -771
138 211.779 -754
139 211.782 -817
140 211.786 -867
141 211.789 -893
142 211.793 -904
143 211.796 -924
144 211.800 -884
145 211.803 -791
146 211.807 -847
147 211.810 -825
148 211.814 -802
149 211.817 -785
150 211.821 -839
151 211.824 -909
152 211.828 -844
153 211.831 -788
154 211.835 -882
155 211.838 -851
156 211.842 -883
157 211.845 -873
158 211.849 -929
159 211.852 -926
160 211.856 -926
161 211.859 -1038
162 211.863 -1093
163 211.866 -1055
164 211.870 -961
165 211.873 -931
166 211.877 -857
167 211.880 -824
168 211.884 -671
169 211.887 -693
170 211.891 -772
171 211.894 -881
172 211.898 -866
173 211.901 -817
174 211.905 -858
175 211.908 -931
176 211.912 -978
177 211.915 -978
178 211.919 -984
179 211.922 -937
180 211.926 -815
181 211.929 -875
182 211.933 -847
183 211.936 -992
184 211.940 -1090
185 211.943 -855
186 211.947 -940
187 211.950 -1046
188 211.954 -1076
189 211.957 -970
190 211.961 -916
191 211.964 -815
192 211.968 -893
193 211.971 -937
194 211.975 -968
195 211.978 -856
196 211.982 -881
197 211.985 -919
198 211.989 -1007
199 211.992 -1014
200 211.996 -1011
201 211.999 -1011
202 212.003 -997
203 212.006 -1050
204 212.010 -1002
205 212.013 -947
206 212.017 -958
207 212.020 -845
208 212.024 -821
209 212.028 -856
210 212.031 -858
211 212.035 -989
212 212.038 -967
213 212.042 -948
214 212.045 -889
215 212.049 -905
216 212.052 -974
217 212.056 -919
218 212.059 -881
219 212.063 -825
220 212.066 -836
221 212.070 -925
222 212.073 -907
223 212.077 -931
224 212.080 -931
225 212.084 -976
226 212.087 -1006
227 212.091 -956
228 212.094 -889
229 212.098 -710
230 212.101 -678
231 212.105 -799
232 212.108 -862
233 212.112 -853
234 212.115 -940
235 212.119 -971
236 212.122 -1045
237 212.126 -985
238 212.129 -930
239 212.133 -897
240 212.136 -928
241 212.140 -965
242 212.144 -951
243 212.147 -928
244 212.151 -906
245 212.154 -848
246 212.158 -882
247 212.161 -946
248 212.165 -896
249 212.168 -910
250 212.172 -920
251 212.175 -924
252 212.179 -964
253 212.182 -943
254 212.186 -901
255 212.189 -841
256 212.193 -937
257 212.196 -969
258 212.200 -968
259 212.203 -944
260 212.207 -902
261 212.210 -863
262 212.214 -1022
263 212.217 -987
264 212.221 -945
265 212.225 -954
266 212.228 -892
267 212.232 -884
268 212.235 -974
269 212.239 -974
270 212.242 -972
271 212.246 -963
272 212.249 -1000
273 212.253 -958
274 212.256 -971
275 212.260 -988
276 212.263 -871
277 212.267 -901
278 212.270 -946
279 212.274 -951
280 212.277 -974
281 212.281 -997
282 212.284 -984
283 212.288 -1072
284 212.291 -1028
285 212.295 -1025
286 212.299 -956
287 212.302 -948
288 212.306 -959
289 212.309 -1074
290 212.313 -1069
291 212.316 -1110
292 212.320 -932
293 212.323 -773
294 212.327 -794
295 212.330 -810
296 212.334 -902
297 212.337 -1015
298 212.341 -1032
299 212.344 -1018
300 212.348 -1094
301 212.351 -1159
302 212.355 -1093
303 212.359 -1057
304 212.362 -1078
305 212.366 -1038
306 212.369 -1109
307 212.373 -1027
308 212.376 -976
309 212.380 -878
310 212.383 -885
311 212.387 -964
312 212.390 -919
313 212.394 -860
314 212.397 -796
315 212.401 -865
316 212.404 -920
317 212.408 -943
318 212.412 -907
319 212.415 -946
320 212.419 -916
321 212.422 -944
322 212.426 -996
323 212.429 -1042
324 212.433 -1032
325 212.436 -1109
326 212.440 -1091
327 212.443 -993
328 212.447 -949
329 212.450 -1005
330 212.454 -958
331 212.457 -989
332 212.461 -948
333 212.465 -980
334 212.468 -1035
335 212.472 -1077
336 212.475 -997
337 212.479 -947
338 212.482 -1006
339 212.486 -983
340 212.489 -963
341 212.493 -1021
342 212.496 -1043
343 212.500 -994
344 212.503 -1029
345 212.507 -1018
346 212.511 -1083
347 212.514 -977
348 212.518 -1019
349 212.521 -999
350 212.525 -1051
351 212.528 -970
352 212.532 -996
353 212.535 -1057
354 212.539 -1025
355 212.542 -992
356 212.546 -936
357 212.550 -963
358 212.553 -1069
359 212.557 -1138
360 212.560 -1213
361 212.564 -1215
362 212.567 -1177
363 212.571 -1218
364 212.574 -1137
365 212.578 -1063
366 212.581 -1118
367 212.585 -1097
368 212.588 -1011
369 212.592 -977
370 212.596 -884
371 212.599 -929
372 212.603 -1060
373 212.606 -1136
374 212.610 -1149
375 212.613 -1144
376 212.617 -1134
377 212.620 -1105
378 212.624 -1089
379 212.627 -1077
380 212.631 -1117
381 212.635 -1116
382 212.638 -1038
383 212.642 -953
384 212.645 -1002
385 212.649 -1018
386 212.652 -1003
387 212.656 -1043
388 212.659 -1148
389 212.663 -1114
390 212.667 -1043
391 212.670 -1023
392 212.674 -1131
393 212.677 -1091
394 212.681 -1123
395 212.684 -1070
396 212.688 -1067
397 212.691 -1081
398 212.695 -1058
399 212.698 -1030
400 212.702 -1039
401 212.706 -1075
402 212.709 -1073
403 212.713 -1011
404 212.716 -1118
405 212.720 -1174
406 212.723 -1153
407 212.727 -1168
408 212.730 -1009
409 212.734 -1050
410 212.738 -990
411 212.741 -935
412 212.745 -949
413 212.748 -1017
414 212.752 -1165
415 212.755 -1246
416 212.759 -1276
417 212.762 -1204
418 212.766 -1049
419 212.770 -1017
420 212.773 -1149
421 212.777 -1099
422 212.780 -1058
423 212.784 -1157
424 212.787 -1094
425 212.791 -993
426 212.794 -987
427 212.798 -978
428 212.802 -1030
429 212.805 -1101
430 212.809 -1117
431 212.812 -1090
432 212.816 -1028
433 212.819 -1078
434 212.823 -1110
435 212.826 -1050
436 212.830 -1051
437 212.834 -1129
438 212.837 -1057
439 212.841 -982
440 212.844 -987
441 212.848 -968
442 212.851 -1035
443 212.855 -1146
444 212.858 -1137
445 212.862 -1045
446 212.866 -1044
447 212.869 -1061
448 212.873 -1018
449 212.876 -961
450 212.880 -940
451 212.883 -1009
452 212.887 -1079
453 212.890 -1125
454 212.894 -1076
455 212.898 -1148
456 212.901 -1115
457 212.905 -1075
458 212.908 -1065
459 212.912 -1050
460 212.915 -1143
461 212.919 -1033
462 212.923 -1016
463 212.926 -1045
464 212.930 -1090
465 212.933 -1088
466 212.937 -992
467 212.940 -932
468 212.944 -908
469 212.948 -967
470 212.951 -1121
471 212.955 -1127
472 212.958 -1104
473 212.962 -1094
474 212.965 -1109
475 212.969 -1150
476 212.972 -1267
477 212.976 -1308
478 212.980 -1290
479 212.983 -1269
480 212.987 -1215
481 212.990 -1026
482 212.994 -949
483 212.997 -972
484 213.001 -1038
485 213.005 -1069
486 213.008 -1030
487 213.012 -1140
488 213.015 -1219
489 213.019 -1117
490 213.022 -1106
491 213.026 -1077
492 213.030 -1044
493 213.033 -1053
494 213.037 -1004
495 213.040 -1094
496 213.044 -1152
497 213.047 -1128
498 213.051 -1087
499 213.055 -1021
500 213.058 -1156
501 213.062 -1194
502 213.065 -989
503 213.069 -963
504 213.072 -1016
505 213.076 -1023
506 213.080 -1029
507 213.083 -1055
508 213.087 -1005
509 213.090 -1044
510 213.094 -1111
511 213.097 -1134
512 213.101 -1198
513 213.105 -1199
514 213.108 -1135
515 213.112 -1089
516 213.115 -1010
517 213.119 -983
518 213.122 -1007
519 213.126 -1036
520 213.130 -1032
521 213.133 -1044
522 213.137 -1093
523 213.140 -1011
524 213.144 -1091
525 213.147 -1152
526 213.151 -1146
527 213.155 -1108
528 213.158 -1018
529 213.162 -1014
530 213.165 -1076
531 213.169 -1080
532 213.173 -1066
533 213.176 -1137
534 213.180 -1031
535 213.183 -1027
536 213.187 -1081
537 213.190 -1159
538 213.194 -1190
539 213.198 -1222
540 213.201 -1093
541 213.205 -1056
542 213.208 -1110
543 213.212 -1084
544 213.215 -1042
545 213.219 -1045
546 213.223 -1072
547 213.226 -1097
548 213.230 -1128
549 213.233 -1166
550 213.237 -1144
551 213.241 -1146
552 213.244 -1137
553 213.248 -1218
554 213.251 -1212
555 213.255 -1166
556 213.258 -1161
557 213.262 -1105
558 213.266 -1063
559 213.269 -1080
560 213.273 -1110
561 213.276 -1065
562 213.280 -1096
563 213.284 -1145
564 213.287 -1113
565 213.291 -1073
566 213.294 -1147
567 213.298 -1080
568 213.301 -1068
569 213.305 -1132
570 213.309 -1168
571 213.312 -1203
572 213.316 -1203
573 213.319 -1204
574 213.323 -1173
575 213.327 -1181
576 213.330 -1189
577 213.334 -1177
578 213.337 -1168
579 213.341 -1287
580 213.345 -1287
581 213.348 -1222
582 213.352 -1138
583 213.355 -1126
584 213.359 -1101
585 213.362 -1162
586 213.366 -1062
587 213.370 -1115
588 213.373 -1147
589 213.377 -1072
590 213.380 -1035
591 213.384 -1050
592 213.388 -1016
593 213.391 -959
594 213.395 -1092
595 213.398 -1180
596 213.402 -1234
597 213.406 -1211
598 213.409 -1223
599 213.413 -1196
600 213.416 -1282
601 213.420 -1298
602 213.423 -1174
603 213.427 -1166
604 213.431 -1171
605 213.434 -1170
606 213.438 -1193
607 213.441 -1244
608 213.445 -1122
609 213.449 -928
610 213.452 -798
611 213.456 -911
612 213.459 -978
613 213.463 -1139
614 213.467 -1163
615 213.470 -1097
616 213.474 -1148
617 213.477 -1241
618 213.481 -1199
619 213.485 -1120
620 213.488 -1083
621 213.492 -1173
622 213.495 -1211
623 213.499 -1124
624 213.503 -1164
625 213.506 -1277
626 213.510 -1319
627 213.513 -1272
628 213.517 -1257
629 213.521 -1199
630 213.524 -1160
631 213.528 -1152
632 213.531 -1178
633 213.535 -1129
634 213.539 -1232
635 213.542 -1267
636 213.546 -1281
637 213.549 -1275
638 213.553 -1319
639 213.557 -1223
640 213.560 -1168
641 213.564 -1212
642 213.567 -1165
643 213.571 -1148
644 213.575 -1221
645 213.578 -1156
646 213.582 -1225
647 213.585 -1180
648 213.589 -1123
649 213.593 -1185
650 213.596 -1258
651 213.600 -1237
652 213.603 -1168
653 213.607 -1153
654 213.611 -1175
655 213.614 -1180
656 213.618 -1115
657 213.621 -1083
658 213.625 -1127
659 213.629 -1211
660 213.632 -1154
661 213.636 -1083
662 213.639 -1250
663 213.643 -1240
664 213.647 -1229
665 213.650 -1095
666 213.654 -1108
667 213.657 -1162
668 213.661 -1315
669 213.665 -1357
670 213.668 -1222
671 213.672 -1188
672 213.676 -1172
673 213.679 -1187
674 213.683 -1116
675 213.686 -1099
676 213.690 -1136
677 213.694 -1089
678 213.697 -1139
679 213.701 -1186
680 213.704 -1224
681 213.708 -1222
682 213.712 -1152
683 213.715 -1172
684 213.719 -1212
685 213.722 -1253
686 213.726 -1238
687 213.730 -1185
688 213.733 -1078
689 213.737 -1094
690 213.740 -1197
691 213.744 -1165
692 213.748 -1115
693 213.751 -1138
694 213.755 -1166
695 213.759 -1224
696 213.762 -1283
697 213.766 -1230
698 213.769 -1223
699 213.773 -1294
700 213.777 -1275
701 213.780 -1192
702 213.784 -1159
703 213.787 -1174
704 213.791 -1198
705 213.795 -1183
706 213.798 -1119
707 213.802 -1223
708 213.806 -1202
709 213.809 -1212
710 213.813 -1210
711 213.816 -1237
712 213.820 -1293
713 213.824 -1210
714 213.827 -1154
715 213.831 -1250
716 213.834 -1202
717 213.838 -1152
718 213.842 -1163
719 213.845 -1230
720 213.849 -1239
721 213.853 -1196
722 213.856 -1123
723 213.860 -1227
724 213.863 -1263
725 213.867 -1261
726 213.871 -1234
727 213.874 -1279
728 213.878 -1287
729 213.882 -1272
730 213.885 -1261
731 213.889 -1221
732 213.892 -1224
733 213.896 -1302
734 213.900 -1238
735 213.903 -1249
736 213.907 -1205
737 213.910 -1210
738 213.914 -1183
739 213.918 -1097
740 213.921 -1086
741 213.925 -1180
742 213.929 -1060
743 213.932 -1113
744 213.936 -1154
745 213.939 -1241
746 213.943 -1204
747 213.947 -1244
748 213.950 -1132
749 213.954 -1174
750 213.958 -1194
751 213.961 -1216
752 213.965 -1243
753 213.968 -1197
754 213.972 -1208
755 213.976 -1240
756 213.979 -1230
757 213.983 -1283
758 213.987 -1357
759 213.990 -1299
760 213.994 -1296
761 213.997 -1327
762 214.001 -1270
763 214.005 -1260
764 214.008 -1217
765 214.012 -1264
766 214.016 -1327
767 214.019 -1301
768 214.023 -1292
769 214.027 -1252
770 214.030 -1155
771 214.034 -1113
772 214.037 -1032
773 214.041 -1115
774 214.045 -1153
775 214.048 -1127
776 214.052 -1141
777 214.056 -1155
778 214.059 -1166
779 214.063 -1178
780 214.066 -1244
781 214.070 -1394
782 214.074 -1245
783 214.077 -1149
784 214.081 -1097
785 214.085 -1061
786 214.088 -1107
787 214.092 -1111
788 214.095 -1157
789 214.099 -2291
790 214.103 -3842
791 214.106 -2452
792 214.110 -1739
793 214.114 -1493
794 214.117 -1364
795 214.121 -1295
796 214.125 -1245
797 214.128 -1225
798 214.132 -1127
799 214.135 -1059
800 214.139 -1082
801 214.143 -1152
802 214.146 -1182
803 214.150 -1238
804 214.154 -1206
805 214.157 -1211
806 214.161 -1221
807 214.165 -1063
808 214.168 -1222
809 214.172 -1240
810 214.175 -1162
811 214.179 -1102
812 214.183 -1084
813 214.186 -1199
814 214.190 -1224
815 214.194 -1270
816 214.197 -1278
817 214.201 -1215
818 214.205 -1253
819 214.208 -1228
820 214.212 -1179
821 214.216 -1194
822 214.219 -1189
823 214.223 -1178
824 214.226 -1231
825 214.230 -1159
826 214.234 -1109
827 214.237 -1166
828 214.241 -1267
829 214.245 -1194
830 214.248 -1106
831 214.252 -1110
832 214.256 -1107
833 214.259 -1136
834 214.263 -1192
835 214.266 -1218
836 214.270 -1115
837 214.274 -1210
838 214.277 -1213
839 214.281 -1293
840 214.285 -1297
841 214.288 -1196
842 214.292 -1045
843 214.296 -1097
844 214.299 -1133
845 214.303 -1117
846 214.307 -1067
847 214.310 -1147
848 214.314 -1150
849 214.318 -1279
850 214.321 -1238
851 214.325 -1245
852 214.328 -1298
853 214.332 -1193
854 214.336 -1186
855 214.339 -1143
856 214.343 -1162
857 214.347 -1143
858 214.350 -1193
859 214.354 -1215
860 214.358 -1168
861 214.361 -1050
862 214.365 -1061
863 214.369 -1044
864 214.372 -1096
865 214.376 -1061
866 214.380 -1085
867 214.383 -987
868 214.387 -972
869 214.390 -961
870 214.394 -1030
871 214.398 -1057
872 214.401 -1007
873 214.405 -1014
874 214.409 -1035
875 214.412 -998
876 214.416 -1052
877 214.420 -1027
878 214.423 -1040
879 214.427 -992
880 214.431 -992
881 214.434 -1039
882 214.438 -1087
883 214.442 -1095
884 214.445 -1182
885 214.449 -1184
886 214.453 -1185
887 214.456 -1112
888 214.460 -1067
889 214.464 -1108
890 214.467 -1051
891 214.471 -1016
892 214.475 -1063
893 214.478 -1049
894 214.482 -1052
895 214.485 -1030
896 214.489 -1010
897 214.493 -1084
898 214.496 -1078
899 214.500 -990
900 214.504 -1052
901 214.507 -978
902 214.511 -982
903 214.515 -981
904 214.518 -874
905 214.522 -981
906 214.526 -1095
907 214.529 -1105
908 214.533 -1075
909 214.537 -1132
910 214.540 -1179
911 214.544 -1147
912 214.548 -1141
913 214.551 -1145
914 214.555 -1051
915 214.559 -1037
916 214.562 -975
917 214.566 -1070
918 214.570 -1076
919 214.573 -998
920 214.577 -961
921 214.581 -1085
922 214.584 -1105
923 214.588 -1131
924 214.592 -1092
925 214.595 -1036
926 214.599 -1076
927 214.603 -1056
928 214.606 -1052
929 214.610 -1049
930 214.614 -1002
931 214.617 -985
932 214.621 -976
933 214.625 -898
934 214.628 -891
935 214.632 -981
936 214.636 -1010
937 214.639 -1117
938 214.643 -1096
939 214.647 -1037
940 214.650 -959
941 214.654 -890
942 214.658 -894
943 214.661 -933
944 214.665 -936
945 214.669 -864
946 214.672 -789
947 214.676 -781
948 214.680 -889
949 214.683 -877
950 214.687 -891
951 214.691 -868
952 214.694 -949
953 214.698 -1085
954 214.702 -1022
955 214.705 -1015
956 214.709 -1092
957 214.713 -1019
958 214.716 -957
959 214.720 -936
960 214.724 -958
961 214.727 -1003
962 214.731 -974
963 214.735 -1054
964 214.738 -1090
965 214.742 -1057
966 214.746 -1093
967 214.749 -1023
968 214.753 -1048
969 214.757 -1043
970 214.760 -983
971 214.764 -958
972 214.768 -907
973 214.771 -912
974 214.775 -1031
975 214.779 -965
976 214.782 -978
977 214.786 -1039
978 214.790 -1006
979 214.793 -1019
980 214.797 -1081
981 214.801 -986
982 214.804 -907
983 214.808 -850
984 214.812 -767
985 214.816 -845
986 214.819 -920
987 214.823 -958
988 214.827 -1015
989 214.830 -1084
990 214.834 -1061
991 214.838 -911
992 214.841 -918
993 214.845 -948
994 214.849 -915
995 214.852 -918
996 214.856 -964
997 214.860 -963
998 214.863 -963
999 214.867 -937
1000 214.871 -920
1001 214.874 -909
1002 214.878 -915
1003 214.882 -922
1004 214.885 -867
1005 214.889 -892
1006 214.893 -935
1007 214.896 -901
1008 214.900 -829
1009 214.904 -803
1010 214.907 -710
1011 214.911 -821
1012 214.915 -758
1013 214.919 -689
1014 214.922 -739
1015 214.926 -788
1016 214.930 -774
1017 214.933 -759
1018 214.937 -821
1019 214.941 -880
1020 214.944 -867
1021 214.948 -875
1022 214.952 -798
1023 214.955 -688
1024 214.959 -858
1025 214.963 -868
1026 214.966 -858
1027 214.970 -809
1028 214.974 -738
1029 214.978 -754
1030 214.981 -817
1031 214.985 -853
1032 214.989 -840
1033 214.992 -868
1034 214.996 -914
1035 215.000 -872
1036 215.003 -811
1037 215.007 -786
1038 215.011 -947
1039 215.014 -895
1040 215.018 -899
1041 215.022 -963
1042 215.025 -1005
1043 215.029 -910
1044 215.033 -943
1045 215.037 -922
1046 215.040 -956
1047 215.044 -1014
1048 215.048 -973
1049 215.051 -874
1050 215.055 -887
1051 215.059 -979
1052 215.062 -922
1053 215.066 -882
1054 215.070 -881
1055 215.073 -870
1056 215.077 -797
1057 215.081 -776
1058 215.085 -724
1059 215.088 -730
1060 215.092 -718
1061 215.096 -638
1062 215.099 -649
1063 215.103 -633
1064 215.107 -585
1065 215.110 -588
1066 215.114 -547
1067 215.118 -500
1068 215.121 -428
1069 215.125 -388
1070 215.129 -240
1071 215.133 -119
1072 215.136 -8
1073 215.140 77
1074 215.144 263
1075 215.147 421
1076 215.151 638
1077 215.155 991
1078 215.158 1460
1079 215.162 1969
1080 215.166 2713
1081 215.170 4022
1082 215.173 6258
1083 215.177 10357
1084 215.181 16738
1085 215.184 25310
1086 215.188 34820
1087 215.192 42989
1088 215.195 47308
1089 215.199 47311
1090 215.203 44130
1091 215.207 40189
1092 215.210 37749
1093 215.214 38846
1094 215.218 44213
1095 215.221 52651
1096 215.225 61258
1097 215.229 66935
1098 215.232 67916
1099 215.236 64148
1100 215.240 58056
1101 215.244 52266
1102 215.247 49748
1103 215.251 52566
1104 215.255 60394
1105 215.258 70553
1106 215.262 79208
1107 215.266 82489
1108 215.269 79206
1109 215.273 70313
1110 215.277 58536
1111 215.281 46472
1112 215.284 35716
1113 215.288 27405
1114 215.292 21181
1115 215.295 16574
1116 215.299 13221
1117 215.303 10585
1118 215.307 8599
1119 215.310 7135
1120 215.314 5984
1121 215.318 5329
1122 215.321 4758
1123 215.325 4192
1124 215.329 3901
1125 215.333 3604
1126 215.336 3395
1127 215.340 3206
1128 215.344 2894
1129 215.347 2689
1130 215.351 2598
1131 215.355 2378
1132 215.358 2223
1133 215.362 2159
1134 215.366 2172
1135 215.370 2104
1136 215.373 2094
1137 215.377 2130
1138 215.381 2206
1139 215.384 2356
1140 215.388 2394
1141 215.392 2449
1142 215.396 2534
1143 215.399 2592
1144 215.403 2641
1145 215.407 2736
1146 215.410 2968
1147 215.414 3136
1148 215.418 3248
1149 215.422 3409
1150 215.425 3628
1151 215.429 3709
1152 215.433 4026
1153 215.436 4442
1154 215.440 4840
1155 215.444 5544
1156 215.448 6321
1157 215.451 7344
1158 215.455 8698
1159 215.459 10496
1160 215.462 12973
1161 215.466 16372
1162 215.470 21585
1163 215.474 29649
1164 215.477 41319
1165 215.481 57134
1166 215.485 75788
1167 215.488 94392
1168 215.492 109043
1169 215.496 116320
1170 215.500 115354
1171 215.503 107607
1172 215.507 96893
1173 215.511 87058
1174 215.515 81778
1175 215.518 82642
1176 215.522 89732
1177 215.526 101636
1178 215.529 114336
1179 215.533 124051
1180 215.537 127782
1181 215.541 124396
1182 215.544 115635
1183 215.548 103680
1184 215.552 92666
1185 215.555 86075
1186 215.559 85426
1187 215.563 90975
1188 215.567 101714
1189 215.570 114747
1190 215.574 125391
1191 215.578 128948
1192 215.582 123905
1193 215.585 111860
1194 215.589 95572
1195 215.593 78522
1196 215.596 62780
1197 215.600 49546
1198 215.604 38777
1199 215.608 30507
1200 215.611 24459
1201 215.615 19836
1202 215.619 16179
1203 215.623 13521
1204 215.626 11438
1205 215.630 9835
1206 215.634 8499
1207 215.637 7627
1208 215.641 6926
1209 215.645 6370
1210 215.649 5858
1211 215.652 5445
1212 215.656 5139
1213 215.660 4787
1214 215.664 4516
1215 215.667 4382
1216 215.671 4208
1217 215.675 4051
1218 215.678 3968
1219 215.682 3719
1220 215.686 3596
1221 215.690 3574
1222 215.693 3506
1223 215.697 3547
1224 215.701 3421
1225 215.705 3336
1226 215.708 3377
1227 215.712 3516
1228 215.716 3454
1229 215.720 3451
1230 215.723 3505
1231 215.727 3572
1232 215.731 3834
1233 215.734 4058
1234 215.738 4335
1235 215.742 4622
1236 215.746 4781
1237 215.749 4871
1238 215.753 4999
1239 215.757 5181
1240 215.761 5500
1241 215.764 5880
1242 215.768 6288
1243 215.772 6761
1244 215.776 7238
1245 215.779 7857
1246 215.783 8801
1247 215.787 9972
1248 215.790 11266
1249 215.794 12906
1250 215.798 15125
1251 215.802 18102
1252 215.805 22286
1253 215.809 28083
1254 215.813 36387
1255 215.817 48255
1256 215.820 64182
1257 215.824 83780
1258 215.828 105533
1259 215.832 125971
1260 215.835 141581
1261 215.839 149753
1262 215.843 149550
1263 215.847 142517
1264 215.850 131514
1265 215.854 119541
1266 215.858 109851
1267 215.862 105114
1268 215.865 106664
1269 215.869 114518
1270 215.873 127162
1271 215.877 141548
1272 215.880 154410
1273 215.884 162634
1274 215.888 164336
1275 215.891 159434
1276 215.895 149159
1277 215.899 136299
1278 215.903 124136
1279 215.906 115430
1280 215.910 112248
1281 215.914 115522
1282 215.918 124636
1283 215.921 137605
1284 215.925 151171
1285 215.929 161549
1286 215.933 165669
1287 215.936 162549
1288 215.940 152306
1289 215.944 136617
1290 215.948 118292
1291 215.951 99923
1292 215.955 82724
1293 215.959 67581
1294 215.963 54793
1295 215.966 44540
1296 215.970 36266
1297 215.974 29820
1298 215.978 24852
1299 215.981 20810
1300 215.985 17684
1301 215.989 15371
1302 215.993 13552
1303 215.996 11946
1304 216.000 10591
1305 216.004 9553
1306 216.008 8768
1307 216.011 8033
1308 216.015 7648
1309 216.019 7329
1310 216.023 6897
1311 216.026 6391
1312 216.030 6075
1313 216.034 5810
1314 216.038 5505
1315 216.041 5322
1316 216.045 5158
1317 216.049 5087
1318 216.053 4989
1319 216.056 4872
1320 216.060 4791
1321 216.064 4796
1322 216.068 4738
1323 216.071 4635
1324 216.075 4622
1325 216.079 4610
1326 216.083 4573
1327 216.087 4507
1328 216.090 4477
1329 216.094 4468
1330 216.098 4599
1331 216.102 4641
1332 216.105 4643
1333 216.109 4759
1334 216.113 4893
1335 216.117 5058
1336 216.120 5318
1337 216.124 5521
1338 216.128 5811
1339 216.132 6138
1340 216.135 6383
1341 216.139 6496
1342 216.143 6638
1343 216.147 6881
1344 216.150 7063
1345 216.154 7354
1346 216.158 7750
1347 216.162 8219
1348 216.165 8789
1349 216.169 9485
1350 216.173 10248
1351 216.177 11232
1352 216.180 12441
1353 216.184 13790
1354 216.188 15419
1355 216.192 17390
1356 216.196 19827
1357 216.199 23002
1358 216.203 27010
1359 216.207 32270
1360 216.211 39492
1361 216.214 49288
1362 216.218 62096
1363 216.222 78352
1364 216.226 98035
1365 216.229 119838
1366 216.233 141618
1367 216.237 161469
1368 216.241 176976
1369 216.244 186715
1370 216.248 189721
1371 216.252 186214
1372 216.256 177432
1373 216.260 165725
1374 216.263 153534
1375 216.267 142859
1376 216.271 135435
1377 216.275 133019
1378 216.278 136008
1379 216.282 144234
1380 216.286 156266
1381 216.290 170305
1382 216.293 184120
1383 216.297 195518
1384 216.301 202598
1385 216.305 204035
1386 216.309 199619
1387 216.312 189474
1388 216.316 174861
1389 216.320 159131
1390 216.324 145119
1391 216.327 134956
1392 216.331 130099
1393 216.335 130222
1394 216.339 135128
1395 216.343 144961
1396 216.346 158444
1397 216.350 173221
1398 216.354 186596
1399 216.358 196042
1400 216.361 199641
1401 216.365 195993
1402 216.369 186644
1403 216.373 172689
1404 216.376 155299
1405 216.380 136426
1406 216.384 117485
1407 216.388 99740
1408 216.392 83877
1409 216.395 70067
1410 216.399 58556
1411 216.403 49120
1412 216.407 41341
1413 216.410 35157
1414 216.414 30235
1415 216.418 26194
1416 216.422 22945
1417 216.426 20179
1418 216.429 17916
1419 216.433 16180
1420 216.437 14611
1421 216.441 13175
1422 216.444 12033
1423 216.448 11172
1424 216.452 10493
1425 216.456 9819
1426 216.460 9254
1427 216.463 8744
1428 216.467 8411
1429 216.471 8047
1430 216.475 7627
1431 216.478 7360
1432 216.482 7085
1433 216.486 6864
1434 216.490 6590
1435 216.494 6321
1436 216.497 6136
1437 216.501 6015
1438 216.505 5944
1439 216.509 5823
1440 216.513 5740
1441 216.516 5538
1442 216.520 5497
1443 216.524 5460
1444 216.528 5282
1445 216.531 5256
1446 216.535 5332
1447 216.539 5286
1448 216.543 5317
1449 216.547 5282
1450 216.550 5216
1451 216.554 5205
1452 216.558 5174
1453 216.562 5165
1454 216.566 5245
1455 216.569 5255
1456 216.573 5211
1457 216.577 5165
1458 216.581 5317
1459 216.584 5601
1460 216.588 5698
1461 216.592 5851
1462 216.596 6078
1463 216.600 6239
1464 216.603 6410
1465 216.607 6654
1466 216.611 6857
1467 216.615 7021
1468 216.619 7182
1469 216.622 7314
1470 216.626 7463
1471 216.630 7671
1472 216.634 7805
1473 216.638 7853
1474 216.641 8125
1475 216.645 8471
1476 216.649 8828
1477 216.653 9219
1478 216.656 9591
1479 216.660 10108
1480 216.664 10799
1481 216.668 11523
1482 216.672 12312
1483 216.675 13344
1484 216.679 14469
1485 216.683 15606
1486 216.687 16929
1487 216.691 18536
1488 216.694 20559
1489 216.698 22967
1490 216.702 25837
1491 216.706 29284
1492 216.710 33501
1493 216.713 38641
1494 216.717 45340
1495 216.721 53800
1496 216.725 64215
1497 216.729 76758
1498 216.732 91624
1499 216.736 108434
1500 216.740 125447
1501 216.744 142447
1502 216.748 162163
1503 216.751 178932
1504 216.755 192310
1505 216.759 201690
1506 216.763 206966
1507 216.767 207589
1508 216.770 204659
1509 216.774 198480
1510 216.778 189742
1511 216.782 179533
1512 216.786 169117
1513 216.789 159138
1514 216.793 150860
1515 216.797 144896
1516 216.801 142124
1517 216.805 142894
1518 216.808 147121
1519 216.812 154506
1520 216.816 164527
1521 216.820 175914
1522 216.824 187872
1523 216.827 199461
1524 216.831 209430
1525 216.835 216779
1526 216.839 221362
1527 216.843 222381
1528 216.846 219874
1529 216.850 214342
1530 216.854 206404
1531 216.858 196414
1532 216.862 185519
1533 216.865 174659
1534 216.869 164677
1535 216.873 156379
1536 216.877 150369
1537 216.881 146801
1538 216.885 146494
1539 216.888 149186
1540 216.892 154824
1541 216.896 162830
1542 216.900 172223
1543 216.904 182461
1544 216.907 192758
1545 216.911 201729
1546 216.915 207643
1547 216.919 209907
1548 216.923 208883
1549 216.926 205761
1550 216.930 200627
1551 216.934 193062
1552 216.938 183051
1553 216.942 170682
1554 216.945 157251
1555 216.949 143950
1556 216.953 131147
1557 216.957 119115
1558 216.961 107216
1559 216.965 95200
1560 216.968 83874
1561 216.972 73614
1562 216.976 64416
1563 216.980 56290
1564 216.984 49467
1565 216.987 43510
1566 216.991 38562
1567 216.995 34197
1568 216.999 30602
1569 217.003 27642
1570 217.006 25072
1571 217.010 22832
1572 217.014 20801
1573 217.018 19129
1574 217.022 17734
1575 217.026 16512
1576 217.029 15460
1577 217.033 14437
1578 217.037 13525
1579 217.041 12718
1580 217.045 11964
1581 217.048 11264
1582 217.052 10619
1583 217.056 10115
1584 217.060 9752
1585 217.064 9327
1586 217.068 9075
1587 217.071 8713
1588 217.075 8382
1589 217.079 8152
1590 217.083 7927
1591 217.087 7719
1592 217.090 7448
1593 217.094 7213
1594 217.098 7044
1595 217.102 6916
1596 217.106 6731
1597 217.110 6548
1598 217.113 6416
1599 217.117 6282
1600 217.121 6127
1601 217.125 6011
1602 217.129 5909
1603 217.133 5784
1604 217.136 5652
1605 217.140 5539
1606 217.144 5494
1607 217.148 5527
1608 217.152 5474
1609 217.155 5375
1610 217.159 5357
1611 217.163 5271
1612 217.167 5168
1613 217.171 5154
1614 217.175 5219
1615 217.178 5132
1616 217.182 5107
1617 217.186 5098
1618 217.190 5090
1619 217.194 5022
1620 217.198 5003
1621 217.201 4909
1622 217.205 4862
1623 217.209 4878
1624 217.213 4899
1625 217.217 4819
1626 217.221 4842
1627 217.224 4808
1628 217.228 4920
1629 217.232 5024
1630 217.236 4988
1631 217.240 4929
1632 217.244 4833
1633 217.247 4921
1634 217.251 4865
1635 217.255 4868
1636 217.259 4915
1637 217.263 4900
1638 217.267 4990
1639 217.270 5154
1640 217.274 5285
1641 217.278 5245
1642 217.282 5260
1643 217.286 5413
1644 217.290 5517
1645 217.293 5671
1646 217.297 5859
1647 217.301 5908
1648 217.305 5939
1649 217.309 5889
1650 217.313 5923
1651 217.316 6121
1652 217.320 6235
1653 217.324 6276
1654 217.328 6370
1655 217.332 6394
1656 217.336 6459
1657 217.339 6523
1658 217.343 6663
1659 217.347 6773
1660 217.351 6898
1661 217.355 7128
1662 217.359 7312
1663 217.362 7382
1664 217.366 7547
1665 217.370 7748
1666 217.374 7824
1667 217.378 7897
1668 217.382 8175
1669 217.385 8379
1670 217.389 8660
1671 217.393 8904
1672 217.397 9181
1673 217.401 9508
1674 217.405 9829
1675 217.409 10160
1676 217.412 10588
1677 217.416 10910
1678 217.420 11182
1679 217.424 11702
1680 217.428 12333
1681 217.432 12856
1682 217.435 13500
1683 217.439 14188
1684 217.443 14734
1685 217.447 15245
1686 217.451 15686
1687 217.455 16051
1688 217.458 16528
1689 217.462 17266
1690 217.466 18239
1691 217.470 19594
1692 217.474 21037
1693 217.478 22453
1694 217.482 24109
1695 217.485 26065
1696 217.489 27953
1697 217.493 30036
1698 217.497 32390
1699 217.501 34909
1700 217.505 37849
1701 217.508 40944
1702 217.512 44400
1703 217.516 48231
1704 217.520 52471
1705 217.524 56895
1706 217.528 61801
1707 217.532 66993
1708 217.535 72365
1709 217.539 78043
1710 217.543 84102
1711 217.547 90282
1712 217.551 96772
1713 217.555 103088
1714 217.559 109543
1715 217.562 115910
1716 217.566 122135
1717 217.570 128511
1718 217.574 134841
1719 217.578 140686
1720 217.582 146289
1721 217.586 151282
1722 217.589 155899
1723 217.593 159988
1724 217.597 163807
1725 217.601 167185
1726 217.605 169802
1727 217.609 171994
1728 217.612 173683
1729 217.616 174898
1730 217.620 176038
1731 217.624 177084
1732 217.628 177863
1733 217.632 178420
1734 217.636 178523
1735 217.639 178325
1736 217.643 177870
1737 217.647 176989
1738 217.651 176040
1739 217.655 174631
1740 217.659 173104
1741 217.663 171321
1742 217.666 169195
1743 217.670 166988
1744 217.674 164738
1745 217.678 162249
1746 217.682 159863
1747 217.686 157749
1748 217.690 155846
1749 217.693 153879
1750 217.697 152127
1751 217.701 150378
1752 217.705 148836
1753 217.709 147492
1754 217.713 146313
1755 217.717 145323
1756 217.721 144571
1757 217.724 144236
1758 217.728 144157
1759 217.732 144101
1760 217.736 144347
1761 217.740 144962
1762 217.744 145868
1763 217.748 146770
1764 217.751 148021
1765 217.755 149495
1766 217.759 151002
1767 217.763 152668
1768 217.767 154500
1769 217.771 156319
1770 217.775 158303
1771 217.778 160185
1772 217.782 162184
1773 217.786 164068
1774 217.790 165833
1775 217.794 167559
1776 217.798 169351
1777 217.802 170925
1778 217.806 172246
1779 217.809 173526
1780 217.813 174910
1781 217.817 176061
1782 217.821 177084
1783 217.825 178204
1784 217.829 179033
1785 217.833 179812
1786 217.837 180591
1787 217.840 181150
1788 217.844 181685
1789 217.848 181924
1790 217.852 182232
1791 217.856 182467
1792 217.860 182532
1793 217.864 182225
1794 217.867 181789
1795 217.871 180897
1796 217.875 179804
1797 217.879 178762
1798 217.883 177661
1799 217.887 176325
1800 217.891 174722
1801 217.895 173123
1802 217.898 171513
1803 217.902 169874
1804 217.906 168161
1805 217.910 166403
1806 217.914 164525
1807 217.918 162584
1808 217.922 160636
1809 217.926 158782
1810 217.929 157079
1811 217.933 155636
1812 217.937 154094
1813 217.941 152571
1814 217.945 150833
1815 217.949 149158
1816 217.953 147730
1817 217.957 146266
1818 217.960 144926
1819 217.964 143791
1820 217.968 142799
1821 217.972 141567
1822 217.976 140252
1823 217.980 139344
1824 217.984 138502
1825 217.988 137629
1826 217.992 137038
1827 217.995 136391
1828 217.999 136002
1829 218.003 135608
1830 218.007 135441
1831 218.011 135354
1832 218.015 135347
1833 218.019 135389
1834 218.023 135440
1835 218.026 135617
1836 218.030 135969
1837 218.034 136279
1838 218.038 136831
1839 218.042 137359
1840 218.046 138120
1841 218.050 138876
1842 218.054 139510
1843 218.058 140235
1844 218.061 141153
1845 218.065 142155
1846 218.069 143182
1847 218.073 144158
1848 218.077 145349
1849 218.081 146245
1850 218.085 146938
1851 218.089 147863
1852 218.093 148634
1853 218.096 149517
1854 218.100 150545
1855 218.104 151665
1856 218.108 152899
1857 218.112 154143
1858 218.116 155436
1859 218.120 156716
1860 218.124 157913
1861 218.127 159042
1862 218.131 160237
1863 218.135 161575
1864 218.139 162855
1865 218.143 164067
1866 218.147 165250
1867 218.151 166499
1868 218.155 167434
1869 218.159 168163
1870 218.163 168829
1871 218.166 169592
1872 218.170 170386
1873 218.174 171351
1874 218.178 172338
1875 218.182 173304
1876 218.186 174295
1877 218.190 175165
1878 218.194 175942
1879 218.198 176841
1880 218.201 177925
1881 218.205 179091
1882 218.209 180276
1883 218.213 181119
1884 218.217 181778
1885 218.221 182219
1886 218.225 182785
1887 218.229 183319
1888 218.233 183839
1889 218.237 184506
1890 218.240 185239
1891 218.244 185910
1892 218.248 186762
1893 218.252 187497
1894 218.256 188215
1895 218.260 188908
1896 218.264 189118
1897 218.268 189533
1898 218.272 190415
1899 218.275 190976
1900 218.279 191371
1901 218.283 192063
1902 218.287 192642
1903 218.291 192981
1904 218.295 193467
1905 218.299 193824
1906 218.303 194305
1907 218.307 194459
1908 218.311 194739
1909 218.314 195009
1910 218.318 195002
1911 218.322 195253
1912 218.326 195574
1913 218.330 195708
1914 218.334 195757
1915 218.338 195945
1916 218.342 196127
1917 218.346 196238
1918 218.350 196393
1919 218.354 196183
1920 218.357 195950
1921 218.361 195712
1922 218.365 195487
1923 218.369 195153
1924 218.373 194885
1925 218.377 194616
1926 218.381 194428
1927 218.385 194230
1928 218.389 194053
1929 218.393 193597
1930 218.396 193352
1931 218.400 193168
1932 218.404 192908
1933 218.408 192623
1934 218.412 192385
1935 218.416 191928
1936 218.420 191503
1937 218.424 190980
1938 218.428 190331
1939 218.432 189744
1940 218.436 189044
1941 218.439 188147
1942 218.443 187146
1943 218.447 186153
1944 218.451 185334
1945 218.455 184209
1946 218.459 183044
1947 218.463 182014
1948 218.467 180964
1949 218.471 179642
1950 218.475 178600
1951 218.479 177405
1952 218.483 176022
1953 218.486 174845
1954 218.490 173738
1955 218.494 172408
1956 218.498 170764
1957 218.502 169026
1958 218.506 167493
1959 218.510 165655
1960 218.514 163719
1961 218.518 161670
1962 218.522 159736
1963 218.526 157655
1964 218.529 155951
1965 218.533 154183
1966 218.537 152349
1967 218.541 150186
1968 218.545 148239
1969 218.549 146221
1970 218.553 144126
1971 218.557 142176
1972 218.561 140306
1973 218.565 138158
1974 218.569 135835
1975 218.573 133250
1976 218.576 130154
1977 218.580 127098
1978 218.584 124316
1979 218.588 121838
1980 218.592 119817
1981 218.596 118101
1982 218.600 116196
1983 218.604 114522
1984 218.608 113521
1985 218.612 112698
1986 218.616 112059
1987 218.620 111580
1988 218.624 111117
1989 218.627 110431
1990 218.631 109674
1991 218.635 109108
1992 218.639 108559
1993 218.643 108210
1994 218.647 107967
1995 218.651 107716
1996 218.655 107598
1997 218.659 107746
1998 218.663 108172
1999 218.667 108704
2000 218.671 109504
2001 218.675 110826
2002 218.678 112301
2003 218.682 113970
2004 218.686 115923
2005 218.690 118065
2006 218.694 120663
2007 218.698 123241
2008 218.702 126174
2009 218.706 129229
2010 218.710 132322
2011 218.714 135807
2012 218.718 139467
2013 218.722 143416
2014 218.726 147433
2015 218.730 151542
2016 218.733 155755
2017 218.737 159694
2018 218.741 163711
2019 218.745 169121
2020 218.749 174094
2021 218.753 178688
2022 218.757 183133
2023 218.761 187696
2024 218.765 192093
2025 218.769 196396
2026 218.773 200497
2027 218.777 204527
2028 218.781 208346
2029 218.785 211598
2030 218.789 214942
2031 218.792 217907
2032 218.796 220224
2033 218.800 221917
2034 218.804 223112
2035 218.808 223684
2036 218.812 223563
2037 218.816 222939
2038 218.820 221993
2039 218.824 220433
2040 218.828 218305
2041 218.832 215780
2042 218.836 212669
2043 218.840 208884
2044 218.844 204310
2045 218.848 199372
2046 218.851 194109
2047 218.855 188259
2048 218.859 182123
2049 218.863 175897
2050 218.867 169478
2051 218.871 162938
2052 218.875 156475
2053 218.879 149960
2054 218.883 143736
2055 218.887 137809
2056 218.891 131981
2057 218.895 126557
2058 218.899 121571
2059 218.903 116928
2060 218.907 112843
2061 218.911 109327
2062 218.915 106263
2063 218.918 103802
2064 218.922 102109
2065 218.926 100964
2066 218.930 100571
2067 218.934 100821
2068 218.938 101456
2069 218.942 102539
2070 218.946 104109
2071 218.950 106419
2072 218.954 109444
2073 218.958 113402
2074 218.962 118372
2075 218.966 123893
2076 218.970 130697
2077 218.974 138599
2078 218.978 147076
2079 218.982 156026
2080 218.986 164928
2081 218.989 173245
2082 218.993 181749
2083 218.997 190159
2084 219.001 198233
2085 219.005 205304
2086 219.009 211934
2087 219.013 217747
2088 219.017 222255
2089 219.021 225611
2090 219.025 227621
2091 219.029 228233
2092 219.033 227351
2093 219.037 224914
2094 219.041 220971
2095 219.045 215652
2096 219.049 209135
2097 219.053 201228
2098 219.057 192305
2099 219.061 182586
2100 219.065 172277
2101 219.068 161431
2102 219.072 150387
2103 219.076 139112
2104 219.080 128402
2105 219.084 118118
2106 219.088 108439
2107 219.092 99235
2108 219.096 90520
2109 219.100 82397
2110 219.104 75275
2111 219.108 68877
2112 219.112 63118
2113 219.116 57857
2114 219.120 53271
2115 219.124 49019
2116 219.128 45361
2117 219.132 41861
2118 219.136 38723
2119 219.140 35823
2120 219.144 33538
2121 219.148 31380
2122 219.152 29495
2123 219.155 27870
2124 219.159 26434
2125 219.163 24930
2126 219.167 23617
2127 219.171 22374
2128 219.175 21264
2129 219.179 20294
2130 219.183 19319
2131 219.187 18428
2132 219.191 17498
2133 219.195 16742
2134 219.199 16112
2135 219.203 15495
2136 219.207 14646
2137 219.211 13782
2138 219.215 13191
2139 219.219 12665
2140 219.223 12233
2141 219.227 11631
2142 219.231 11221
2143 219.235 10713
2144 219.239 10302
2145 219.243 9984
2146 219.247 9688
2147 219.251 9402
2148 219.255 9219
2149 219.259 8998
2150 219.262 8667
2151 219.266 8335
2152 219.270 8270
2153 219.274 8157
2154 219.278 7878
2155 219.282 7733
2156 219.286 7626
2157 219.290 7361
2158 219.294 7195
2159 219.298 7144
2160 219.302 7088
2161 219.306 6975
2162 219.310 6785
2163 219.314 6770
2164 219.318 6795
2165 219.322 6746
2166 219.326 6694
2167 219.330 6684
2168 219.334 6566
2169 219.338 6507
2170 219.342 6424
2171 219.346 6271
2172 219.350 6137
2173 219.354 6005
2174 219.358 5757
2175 219.362 5448
2176 219.366 5364
2177 219.370 5322
2178 219.374 5053
2179 219.378 4891
2180 219.382 4821
2181 219.386 4784
2182 219.390 4796
2183 219.393 4822
2184 219.397 4849
2185 219.401 4751
2186 219.405 4649
2187 219.409 4659
2188 219.413 4678
2189 219.417 4706
2190 219.421 4700
2191 219.425 4596
2192 219.429 4463
2193 219.433 4493
2194 219.437 4598
2195 219.441 4553
2196 219.445 4552
2197 219.449 4535
2198 219.453 4478
2199 219.457 4516
2200 219.461 4526
2201 219.465 4485
2202 219.469 4554
2203 219.473 4517
2204 219.477 4461
2205 219.481 4502
2206 219.485 4493
2207 219.489 4472
2208 219.493 4389
2209 219.497 4387
2210 219.501 4567
2211 219.505 4598
2212 219.509 4652
2213 219.513 4715
2214 219.517 4798
2215 219.521 4833
2216 219.525 4963
2217 219.529 5085
2218 219.533 5175
2219 219.537 5211
2220 219.541 5188
2221 219.545 5337
2222 219.549 5423
2223 219.553 5502
2224 219.557 5598
2225 219.561 5607
2226 219.565 5635
2227 219.569 5793
2228 219.573 5989
2229 219.577 6145
2230 219.581 6270
2231 219.585 6365
2232 219.589 6569
2233 219.593 6709
2234 219.597 6865
2235 219.601 7102
2236 219.605 7225
2237 219.609 7380
2238 219.612 7713
2239 219.616 8058
2240 219.620 8277
2241 219.624 8576
2242 219.628 9030
2243 219.632 9431
2244 219.636 9784
2245 219.640 10285
2246 219.644 10653
2247 219.648 11276
2248 219.652 12036
2249 219.656 12988
2250 219.660 13823
2251 219.664 14589
2252 219.668 15685
2253 219.672 17139
2254 219.676 18568
2255 219.680 20069
2256 219.684 21807
2257 219.688 23670
2258 219.692 25931
2259 219.696 28673
2260 219.700 31891
2261 219.704 35727
2262 219.708 40295
2263 219.712 46224
2264 219.716 53192
2265 219.720 62265
2266 219.724 73463
2267 219.728 86691
2268 219.732 101617
2269 219.736 118408
2270 219.740 136541
2271 219.744 155436
2272 219.748 173718
2273 219.752 190020
2274 219.756 203460
2275 219.760 213010
2276 219.764 217619
2277 219.768 216673
2278 219.772 210219
2279 219.776 199222
2280 219.780 184985
2281 219.784 169117
2282 219.788 152755
2283 219.792 137603
2284 219.796 124666
2285 219.800 114852
2286 219.804 108439
2287 219.808 105990
2288 219.812 107489
2289 219.816 112896
2290 219.820 121753
2291 219.824 133565
2292 219.828 147879
2293 219.832 163657
2294 219.836 179338
2295 219.840 193893
2296 219.844 205679
2297 219.848 213185
2298 219.852 215548
2299 219.856 212580
2300 219.860 204762
2301 219.864 192938
2302 219.868 178473
2303 219.872 162379
2304 219.876 146164
2305 219.880 131606
2306 219.884 119484
2307 219.888 110534
2308 219.892 105308
2309 219.896 103804
2310 219.900 106375
2311 219.904 113363
2312 219.908 124080
2313 219.912 138149
2314 219.916 154467
2315 219.920 171593
2316 219.925 187599
2317 219.929 201021
2318 219.933 209850
2319 219.937 212284
2320 219.941 208506
2321 219.945 198434
2322 219.949 182747
2323 219.953 164007
2324 219.957 143291
2325 219.961 122834
2326 219.965 103693
2327 219.969 87062
2328 219.973 72805
2329 219.977 61077
2330 219.981 51646
2331 219.985 44115
2332 219.989 37864
2333 219.993 32964
2334 219.997 28905
2335 220.001 25636
2336 220.005 23042
2337 220.009 20743
2338 220.013 18715
2339 220.017 16996
2340 220.021 15632
2341 220.025 14329
2342 220.029 13173
2343 220.033 12080
2344 220.037 11153
2345 220.041 10312
2346 220.045 9692
2347 220.049 9142
2348 220.053 8666
2349 220.057 8346
2350 220.061 7953
2351 220.065 7670
2352 220.069 7452
2353 220.073 7271
2354 220.077 7092
2355 220.081 6999
2356 220.085 6844
2357 220.089 6641
2358 220.093 6443
2359 220.097 6355
2360 220.101 6194
2361 220.105 5865
2362 220.109 5596
2363 220.113 5482
2364 220.117 5362
2365 220.121 5187
2366 220.125 5046
2367 220.129 4925
2368 220.133 4670
2369 220.137 4646
2370 220.141 4607
2371 220.146 4497
2372 220.150 4321
2373 220.154 4257
2374 220.158 4334
2375 220.162 4339
2376 220.166 4340
2377 220.170 4392
2378 220.174 4412
2379 220.178 4330
2380 220.182 4406
2381 220.186 4491
2382 220.190 4425
2383 220.194 4410
2384 220.198 4583
2385 220.202 4617
2386 220.206 4653
2387 220.210 4730
2388 220.214 4821
2389 220.218 4871
2390 220.222 4916
2391 220.226 4887
2392 220.230 4771
2393 220.234 4579
2394 220.238 4585
2395 220.242 4638
2396 220.246 4789
2397 220.250 5083
2398 220.254 5422
2399 220.258 5935
2400 220.262 6574
2401 220.266 7150
2402 220.270 7580
2403 220.274 8121
2404 220.279 8798
2405 220.283 9412
2406 220.287 10079
2407 220.291 10905
2408 220.295 11995
2409 220.299 13244
2410 220.303 14777
2411 220.307 16562
2412 220.311 18588
2413 220.315 21051
2414 220.319 24251
2415 220.323 28192
2416 220.327 33155
2417 220.331 39573
2418 220.335 48024
2419 220.339 59191
2420 220.343 73599
2421 220.347 91266
2422 220.351 111733
2423 220.355 133379
2424 220.359 153737
2425 220.363 170535
2426 220.367 180880
2427 220.371 183420
2428 220.375 178094
2429 220.379 166099
2430 220.384 150147
2431 220.388 133231
2432 220.392 118019
2433 220.396 107076
2434 220.400 101445
2435 220.404 101768
2436 220.408 108050
2437 220.412 119396
2438 220.416 134251
2439 220.420 150587
2440 220.424 165659
2441 220.428 176893
2442 220.432 182232
2443 220.436 180341
2444 220.440 171787
2445 220.444 158049
2446 220.448 141445
2447 220.452 124675
2448 220.456 110602
2449 220.460 101030
2450 220.464 97170
2451 220.468 99385
2452 220.473 107522
2453 220.477 120285
2454 220.481 135695
2455 220.485 151397
2456 220.489 164222
2457 220.493 171122
2458 220.497 170338
2459 220.501 161535
2460 220.505 146201
2461 220.509 126337
2462 220.513 105522
2463 220.517 86027
2464 220.521 68956
2465 220.525 55001
2466 220.529 44106
2467 220.533 35704
2468 220.537 29387
2469 220.541 24757
2470 220.545 21177
2471 220.550 18481
2472 220.554 16214
2473 220.558 14386
2474 220.562 12726
2475 220.566 11394
2476 220.570 10276
2477 220.574 9272
2478 220.578 8405
2479 220.582 7825
2480 220.586 7372
2481 220.590 6900
2482 220.594 6474
2483 220.598 6266
2484 220.602 6094
2485 220.606 5890
2486 220.610 5622
2487 220.614 5373
2488 220.618 5203
2489 220.623 4958
2490 220.627 4790
2491 220.631 4618
2492 220.635 4337
2493 220.639 4116
2494 220.643 3906
2495 220.647 3703
2496 220.651 3677
2497 220.655 3652
2498 220.659 3660
2499 220.663 3608
2500 220.667 3553
2501 220.671 3620
2502 220.675 3599
2503 220.679 3628
2504 220.683 3641
2505 220.688 3723
2506 220.692 3703
2507 220.696 3691
2508 220.700 3755
2509 220.704 3853
2510 220.708 3931
2511 220.712 4080
2512 220.716 4190
2513 220.720 4203
2514 220.724 4230
2515 220.728 4476
2516 220.732 4676
2517 220.736 4938
2518 220.740 5154
2519 220.744 5340
2520 220.748 5677
2521 220.753 6091
2522 220.757 6621
2523 220.761 7175
2524 220.765 7858
2525 220.769 8583
2526 220.773 9530
2527 220.777 10841
2528 220.781 12413
2529 220.785 14483
2530 220.789 16989
2531 220.793 20239
2532 220.797 24642
2533 220.801 30517
2534 220.805 38258
2535 220.810 48390
2536 220.814 61388
2537 220.818 76786
2538 220.822 93936
2539 220.826 110413
2540 220.830 123648
2541 220.834 131833
2542 220.838 133929
2543 220.842 129596
2544 220.846 119888
2545 220.850 107907
2546 220.854 96764
2547 220.858 89285
2548 220.862 87407
2549 220.867 91625
2550 220.871 100758
2551 220.875 113033
2552 220.879 125799
2553 220.883 135761
2554 220.887 140516
2555 220.891 138433
2556 220.895 129803
2557 220.899 117301
2558 220.903 103761
2559 220.907 92233
2560 220.911 84863
2561 220.916 83279
2562 220.920 87541
2563 220.924 96893
2564 220.928 109017
2565 220.932 121015
2566 220.936 129042
2567 220.940 130360
2568 220.944 124300
2569 220.948 111515
2570 220.952 94537
2571 220.956 76676
2572 220.960 60282
2573 220.964 46653
2574 220.969 36132
2575 220.973 28241
2576 220.977 22569
2577 220.981 18282
2578 220.985 15045
2579 220.989 12662
2580 220.993 10969
2581 220.997 9501
2582 221.001 8291
2583 221.005 7426
2584 221.009 6673
2585 221.013 6201
2586 221.018 5788
2587 221.022 5454
2588 221.026 5192
2589 221.030 4854
2590 221.034 4595
2591 221.038 4291
2592 221.042 4088
2593 221.046 3862
2594 221.050 3588
2595 221.054 3239
2596 221.058 2993
2597 221.063 2833
2598 221.067 2678
2599 221.071 2663
2600 221.075 2759
2601 221.079 2813
2602 221.083 2850
2603 221.087 2788
2604 221.091 2780
2605 221.095 2804
2606 221.099 2758
2607 221.103 2771
2608 221.108 2808
2609 221.112 2911
2610 221.116 3056
2611 221.120 3112
2612 221.124 3108
2613 221.128 3173
2614 221.132 3271
2615 221.136 3386
2616 221.140 3490
2617 221.144 3778
2618 221.148 4100
2619 221.153 4370
2620 221.157 4772
2621 221.161 5172
2622 221.165 5543
2623 221.169 6024
2624 221.173 6735
2625 221.177 7629
2626 221.181 8645
2627 221.185 10028
2628 221.189 12058
2629 221.194 15233
2630 221.198 19553
2631 221.202 25232
2632 221.206 33182
2633 221.210 43494
2634 221.214 55800
2635 221.218 69396
2636 221.222 82638
2637 221.226 92820
2638 221.230 97324
2639 221.235 95328
2640 221.239 88028
2641 221.243 78721
2642 221.247 70187
2643 221.251 65177
2644 221.255 64995
2645 221.259 69719
2646 221.263 77580
2647 221.267 86393
2648 221.271 93271
2649 221.276 95766
2650 221.280 92863
2651 221.284 85737
2652 221.288 76160
2653 221.292 67289
2654 221.296 61508
2655 221.300 60316
2656 221.304 63550
2657 221.308 70131
2658 221.313 78249
2659 221.317 84502
2660 221.321 86224
2661 221.325 82264
2662 221.329 73046
2663 221.333 61005
2664 221.337 48701
2665 221.341 37494
2666 221.345 28470
2667 221.350 21846
2668 221.354 16935
2669 221.358 13399
2670 221.362 10688
2671 221.366 8805
2672 221.370 7451
2673 221.374 6288
2674 221.378 5470
2675 221.382 4918
2676 221.387 4353
2677 221.391 3957
2678 221.395 3650
2679 221.399 3522
2680 221.403 3295
2681 221.407 3050
2682 221.411 2842
2683 221.415 2736
2684 221.419 2441
2685 221.424 2249
2686 221.428 2155
2687 221.432 2039
2688 221.436 1909
2689 221.440 1852
2690 221.444 1790
2691 221.448 1661
2692 221.452 1532
2693 221.456 1554
2694 221.461 1575
2695 221.465 1611
2696 221.469 1529
2697 221.473 1492
2698 221.477 1606
2699 221.481 1733
2700 221.485 1745
2701 221.489 1707
2702 221.494 1744
2703 221.498 1829
2704 221.502 2086
2705 221.506 2243
2706 221.510 2349
2707 221.514 2571
2708 221.518 2919
2709 221.522 3283
2710 221.527 3726
2711 221.531 4357
2712 221.535 5177
2713 221.539 6224
2714 221.543 7690
2715 221.547 9547
2716 221.551 12331
2717 221.555 16354
2718 221.559 21697
2719 221.564 28669
2720 221.568 37213
2721 221.572 45940
2722 221.576 52941
2723 221.580 56469
2724 221.584 55739
2725 221.588 51324
2726 221.592 45746
2727 221.597 41093
2728 221.601 39119
2729 221.605 40484
2730 221.609 44602
2731 221.613 49971
2732 221.617 54384
2733 221.621 55949
2734 221.626 53782
2735 221.630 48873
2736 221.634 42964
2737 221.638 38180
2738 221.642 36112
2739 221.646 37194
2740 221.650 40932
2741 221.654 45720
2742 221.659 49197
2743 221.663 49540
2744 221.667 45988
2745 221.671 39285
2746 221.675 31327
2747 221.679 24093
2748 221.683 18091
2749 221.687 13577
2750 221.692 10313
2751 221.696 8032
2752 221.700 6326
2753 221.704 5081
2754 221.708 4129
2755 221.712 3553
2756 221.716 3033
2757 221.721 2491
2758 221.725 2152
2759 221.729 1963
2760 221.733 1795
2761 221.737 1580
2762 221.741 1466
2763 221.745 1413
2764 221.750 1241
2765 221.754 1157
2766 221.758 1068
2767 221.762 1014
2768 221.766 945
2769 221.770 856
2770 221.774 834
2771 221.778 764
2772 221.783 688
2773 221.787 577
2774 221.791 521
2775 221.795 478
2776 221.799 578
2777 221.803 515
2778 221.807 491
2779 221.812 465
2780 221.816 441
2781 221.820 480
2782 221.824 480
2783 221.828 542
2784 221.832 653
2785 221.836 779
2786 221.841 823
2787 221.845 983
2788 221.849 1292
2789 221.853 1645
2790 221.857 2049
2791 221.861 2599
2792 221.866 3353
2793 221.870 4412
2794 221.874 5933
2795 221.878 7906
2796 221.882 10670
2797 221.886 14015
2798 221.890 17600
2799 221.895 20262
2800 221.899 21288
2801 221.903 20483
2802 221.907 18338
2803 221.911 15964
2804 221.915 14532
2805 221.919 14339
2806 221.924 15020
2807 221.928 16295
2808 221.932 17562
2809 221.936 17904
2810 221.940 16956
2811 221.944 15091
2812 221.948 13003
2813 221.953 11460
2814 221.957 10670
2815 221.961 10905
2816 221.965 11900
2817 221.969 12862
2818 221.973 13222
2819 221.978 12695
2820 221.982 11113
2821 221.986 9022
2822 221.990 6859
2823 221.994 4961
2824 221.998 3534
2825 222.002 2535
2826 222.007 1928
2827 222.011 1293
2828 222.015 830
2829 222.019 612
2830 222.023 399
2831 222.027 156
2832 222.032 47
2833 222.036 -60
2834 222.040 -275
2835 222.044 -301
2836 222.048 -223
2837 222.052 -211
2838 222.057 -261
2839 222.061 -353
2840 222.065 -282
2841 222.069 -255
2842 222.073 -306
2843 222.077 -395
2844 222.081 -459
2845 222.086 -493
2846 222.090 -434
2847 222.094 -486
2848 222.098 -516
2849 222.102 -506
2850 222.106 -468
2851 222.111 -507
2852 222.115 -613
2853 222.119 -603
2854 222.123 -600
2855 222.127 -669
2856 222.131 -675
2857 222.136 -630
2858 222.140 -635
2859 222.144 -592
2860 222.148 -599
2861 222.152 -617
2862 222.156 -610
2863 222.161 -662
2864 222.165 -534
2865 222.169 -467
2866 222.173 -436
2867 222.177 -235
2868 222.181 304
2869 222.186 763
2870 222.190 1113
2871 222.194 1360
2872 222.198 1296
2873 222.202 1213
2874 222.206 976
2875 222.211 819
2876 222.215 761
2877 222.219 727
2878 222.223 885
2879 222.227 1001
2880 222.231 943
2881 222.236 873
2882 222.240 742
2883 222.244 601
2884 222.248 501
2885 222.252 402
2886 222.257 342
2887 222.261 463
2888 222.265 460
2889 222.269 346
2890 222.273 165
2891 222.277 65
2892 222.282 -183
2893 222.286 -330
2894 222.290 -458
2895 222.294 -665
2896 222.298 -779
2897 222.302 -705
2898 222.307 -781
2899 222.311 -777
2900 222.315 -869
2901 222.319 -879
2902 222.323 -947
2903 222.328 -994
2904 222.332 -936
2905 222.336 -915
2906 222.340 -915
2907 222.344 -967
2908 222.348 -949
2909 222.353 -900
2910 222.357 -933
2911 222.361 -886
2912 222.365 -904
2913 222.369 -933
2914 222.374 -872
2915 222.378 -877
2916 222.382 -913
2917 222.386 -929
2918 222.390 -935
2919 222.394 -881
2920 222.399 -900
2921 222.403 -891
2922 222.407 -816
2923 222.411 -777
2924 222.415 -870
2925 222.420 -958
2926 222.424 -1019
2927 222.428 -1018
2928 222.432 -1008
2929 222.436 -966
2930 222.440 -879
2931 222.445 -952
2932 222.449 -997
2933 222.453 -1049
2934 222.457 -1001
2935 222.461 -928
2936 222.466 -949
2937 222.470 -1043
2938 222.474 -1032
2939 222.478 -1075
2940 222.482 -1135
2941 222.487 -1149
2942 222.491 -1107
2943 222.495 -1104
2944 222.499 -1009
2945 222.503 -920
2946 222.507 -888
2947 222.512 -862
2948 222.516 -831
2949 222.520 -863
2950 222.524 -924
2951 222.528 -869
2952 222.533 -875
2953 222.537 -951
2954 222.541 -951
2955 222.545 -891
2956 222.549 -894
2957 222.554 -895
2958 222.558 -993
2959 222.562 -936
2960 222.566 -866
2961 222.570 -831
2962 222.575 -884
2963 222.579 -840
2964 222.583 -908
2965 222.587 -969
2966 222.591 -946
2967 222.596 -949
2968 222.600 -1001
2969 222.604 -992
2970 222.608 -983
2971 222.612 -1080
2972 222.617 -1161
2973 222.621 -1217
2974 222.625 -1192
2975 222.629 -1098
2976 222.633 -1153
2977 222.638 -1129
2978 222.642 -1103
2979 222.646 -1103
2980 222.650 -1056
2981 222.654 -1016
2982 222.659 -929
2983 222.663 -977
2984 222.667 -988
2985 222.671 -932
2986 222.675 -969
2987 222.680 -1073
2988 222.684 -1035
2989 222.688 -1011
2990 222.692 -1196
2991 222.696 -1198
2992 222.701 -1173
2993 222.705 -1156
2994 222.709 -1153
2995 222.713 -1094
2996 222.717 -1080
2997 222.722 -1047
2998 222.726 -1053
2999 222.730 -1086
3000 222.734 -1149
3001 222.738 -1177
3002 222.743 -1138
3003 222.747 -1151
3004 222.751 -1131
3005 222.755 -1041
3006 222.760 -1089
3007 222.764 -1069
3008 222.768 -986
3009 222.772 -957
3010 222.776 -1031
3011 222.781 -1134
3012 222.785 -1166
3013 222.789 -1172
3014 222.793 -1075
3015 222.797 -1006
3016 222.802 -999
3017 222.806 -1022
3018 222.810 -1044
3019 222.814 -1029
3020 222.818 -1142
3021 222.823 -1165
3022 222.827 -1130
3023 222.831 -1091
3024 222.835 -1020
3025 222.840 -1056
3026 222.844 -1106
3027 222.848 -1118
3028 222.852 -1134
3029 222.856 -1155
3030 222.861 -1126
3031 222.865 -1053
3032 222.869 -1115
3033 222.873 -1164
3034 222.877 -1180
3035 222.882 -1200
3036 222.886 -1199
3037 222.890 -1120
3038 222.894 -1076
3039 222.899 -1114
3040 222.903 -1146
3041 222.907 -1127
3042 222.911 -1179
3043 222.915 -1234
3044 222.920 -1187
3045 222.924 -1189
3046 222.928 -1205
3047 222.932 -1166
3048 222.937 -1171
3049 222.941 -1267
3050 222.945 -1162
3051 222.949 -1156
3052 222.953 -1141
3053 222.958 -1145
3054 222.962 -1158
3055 222.966 -1112
3056 222.970 -1138
3057 222.975 -1096
3058 222.979 -1046
3059 222.983 -1194
3060 222.987 -1294
3061 222.991 -1017
3062 222.996 -964
3063 223.000 -1059
3064 223.004 -1128
3065 223.008 -1088
3066 223.013 -960
3067 223.017 -922
3068 223.021 -965
3069 223.025 -1032
3070 223.030 -1030
3071 223.034 -1054
3072 223.038 -1067
3073 223.042 -1075
3074 223.046 -1042
3075 223.051 -1033
3076 223.055 -1048
3077 223.059 -1112
3078 223.063 -1043
3079 223.068 -1031
3080 223.072 -1087
3081 223.076 -1145
3082 223.080 -1208
3083 223.085 -1124
3084 223.089 -1079
3085 223.093 -1050
3086 223.097 -1260
3087 223.101 -1236
3088 223.106 -1293
3089 223.110 -1291
3090 223.114 -1199
3091 223.118 -1134
3092 223.123 -1069
3093 223.127 -1090
3094 223.131 -1117
3095 223.135 -1191
3096 223.140 -1236
3097 223.144 -1278
3098 223.148 -1335
3099 223.152 -1249
3100 223.157 -1332
3101 223.161 -1333
3102 223.165 -1353
3103 223.169 -1357
3104 223.173 -1362
3105 223.178 -1331
3106 223.182 -1273
3107 223.186 -1272
3108 223.190 -1288
3109 223.195 -1262
3110 223.199 -1292
3111 223.203 -1371
3112 223.207 -1319
3113 223.212 -1324
3114 223.216 -1377
3115 223.220 -1415
3116 223.224 -1358
3117 223.229 -1359
3118 223.233 -1395
3119 223.237 -1337
3120 223.241 -1306
3121 223.246 -1254
3122 223.250 -1250
3123 223.254 -1359
3124 223.258 -1273
3125 223.263 -1310
3126 223.267 -1317
3127 223.271 -1318
3128 223.275 -1377
3129 223.280 -1386
3130 223.284 -1350
3131 223.288 -1297
3132 223.292 -1218
3133 223.297 -1261
3134 223.301 -1303
3135 223.305 -1287
3136 223.309 -1400
3137 223.314 -1402
3138 223.318 -1409
3139 223.322 -1368
3140 223.326 -1298
3141 223.331 -1276
3142 223.335 -1284
3143 223.339 -1326
3144 223.343 -1428
3145 223.348 -1446
3146 223.352 -1517
3147 223.356 -1364
3148 223.360 -1293
3149 223.365 -1377
3150 223.369 -1449
3151 223.373 -1407
3152 223.377 -1397
3153 223.382 -1383
3154 223.386 -1424
3155 223.390 -1422
3156 223.394 -1336
3157 223.399 -1229
3158 223.403 -1321
3159 223.407 -1394
3160 223.411 -1413
3161 223.416 -1468
3162 223.420 -1471
3163 223.424 -1488
3164 223.428 -1500
3165 223.433 -1506
3166 223.437 -1462
3167 223.441 -1385
3168 223.445 -1409
3169 223.450 -1504
3170 223.454 -1449
3171 223.458 -1491
3172 223.462 -1432
3173 223.467 -1317
3174 223.471 -1289
3175 223.475 -1368
3176 223.479 -1416
3177 223.484 -1362
3178 223.488 -1288
3179 223.492 -1376
3180 223.497 -1331
3181 223.501 -1359
3182 223.505 -1362
3183 223.509 -1461
3184 223.514 -1510
3185 223.518 -1514
3186 223.522 -1556
3187 223.526 -1391
3188 223.531 -1318
3189 223.535 -1351
3190 223.539 -1270
3191 223.543 -1357
3192 223.548 -1358
3193 223.552 -1345
3194 223.556 -1388
3195 223.561 -1358
3196 223.565 -1327
3197 223.569 -1257
3198 223.573 -1287
3199 223.578 -1355
3200 223.582 -1351
3201 223.586 -1247
3202 223.590 -1319
3203 223.595 -1418
3204 223.599 -1443
3205 223.603 -1457
3206 223.607 -1417
3207 223.612 -1439
3208 223.616 -1472
3209 223.620 -1526
3210 223.625 -1500
3211 223.629 -1436
3212 223.633 -1367
3213 223.637 -1313
3214 223.642 -1275
3215 223.646 -1275
3216 223.650 -1309
3217 223.654 -1279
3218 223.659 -1215
3219 223.663 -1216
3220 223.667 -1240
3221 223.672 -1335
3222 223.676 -1415
3223 223.680 -1358
3224 223.684 -1493
3225 223.689 -1454
3226 223.693 -1329
3227 223.697 -1299
3228 223.701 -1215
3229 223.706 -1304
3230 223.710 -1365
3231 223.714 -1315
3232 223.719 -1384
3233 223.723 -1379
3234 223.727 -1280
3235 223.731 -1291
3236 223.736 -1359
3237 223.740 -1405
3238 223.744 -1323
3239 223.749 -1307
3240 223.753 -1373
3241 223.757 -1344
3242 223.761 -1292
3243 223.766 -1350
3244 223.770 -1362
3245 223.774 -1373
3246 223.779 -1435
3247 223.783 -1362
3248 223.787 -1308
3249 223.791 -1364
3250 223.796 -1354
3251 223.800 -1431
3252 223.804 -1444
3253 223.809 -1415
3254 223.813 -1332
3255 223.817 -1334
3256 223.821 -1273
3257 223.826 -1305
3258 223.830 -1362
3259 223.834 -1370
3260 223.839 -1383
3261 223.843 -1294
3262 223.847 -1209
3263 223.851 -1356
3264 223.856 -1387
3265 223.860 -1386
3266 223.864 -1422
3267 223.869 -1291
3268 223.873 -1266
3269 223.877 -1219
3270 223.881 -1198
3271 223.886 -1177
3272 223.890 -1195
3273 223.894 -1234
3274 223.899 -1333
3275 223.903 -1303
3276 223.907 -1195
3277 223.911 -1173
3278 223.916 -1200
3279 223.920 -1251
3280 223.924 -1258
3281 223.929 -1322
3282 223.933 -1337
3283 223.937 -1311
3284 223.941 -1220
3285 223.946 -1207
3286 223.950 -1143
3287 223.954 -1176
3288 223.959 -1283
3289 223.963 -1239
3290 223.967 -1347
3291 223.972 -1429
3292 223.976 -1292
3293 223.980 -1226
3294 223.984 -1261
3295 223.989 -1264
3296 223.993 -1284
3297 223.997 -1280
3298 224.002 -1238
3299 224.006 -1155
3300 224.010 -1229
3301 224.015 -1366
3302 224.019 -1386
3303 224.023 -1304
3304 224.027 -1284
3305 224.032 -1319
3306 224.036 -1239
3307 224.040 -1256
3308 224.045 -1312
3309 224.049 -1261
3310 224.053 -1237
3311 224.058 -1220
3312 224.062 -1207
3313 224.066 -1195
3314 224.070 -1310
3315 224.075 -1346
3316 224.079 -1305
3317 224.083 -1420
3318 224.088 -1334
3319 224.092 -1241
3320 224.096 -1245
3321 224.101 -1220
3322 224.105 -1196
3323 224.109 -1150
3324 224.114 -1167
3325 224.118 -1247
3326 224.122 -1154
3327 224.126 -1125
3328 224.131 -1238
3329 224.135 -1214
3330 224.139 -1197
3331 224.144 -1321
3332 224.148 -1364
3333 224.152 -1306
3334 224.157 -1365
3335 224.161 -1357
3336 224.165 -1256
3337 224.170 -1314
3338 224.174 -1278
3339 224.178 -1288
3340 224.182 -1279
3341 224.187 -1323
3342 224.191 -1319
3343 224.195 -1261
3344 224.200 -1231
3345 224.204 -1312
3346 224.208 -1335
3347 224.213 -1226
3348 224.217 -1174
3349 224.221 -1116
3350 224.226 -1172
3351 224.230 -1222
3352 224.234 -1247
3353 224.239 -1270
3354 224.243 -1300
3355 224.247 -1343
3356 224.252 -1269
3357 224.256 -1208
3358 224.260 -1151
3359 224.264 -1121
3360 224.269 -1104
3361 224.273 -1209
3362 224.277 -1256
3363 224.282 -1190
3364 224.286 -1216
3365 224.290 -1392
3366 224.295 -1357
3367 224.299 -1296
3368 224.303 -1303
3369 224.308 -1260
3370 224.312 -1162
3371 224.316 -1160
3372 224.321 -1146
3373 224.325 -1099
3374 224.329 -1099
3375 224.334 -1086
3376 224.338 -1074
3377 224.342 -1031
3378 224.347 -1222
3379 224.351 -1243
3380 224.355 -1268
3381 224.360 -1130
3382 224.364 -1151
3383 224.368 -1144
3384 224.372 -1236
3385 224.377 -1244
3386 224.381 -1169
3387 224.385 -1106
3388 224.390 -1073
3389 224.394 -1092
3390 224.398 -1167
3391 224.403 -1236
3392 224.407 -1211
3393 224.411 -1190
3394 224.416 -1114
3395 224.420 -1064
3396 224.424 -1124
3397 224.429 -1101
3398 224.433 -1135
3399 224.437 -1269
3400 224.442 -1275
3401 224.446 -1219
3402 224.450 -1227
3403 224.455 -1193
3404 224.459 -1169
3405 224.463 -1184
3406 224.468 -1181
3407 224.472 -1230
3408 224.476 -1319
3409 224.481 -1297
3410 224.485 -1255
3411 224.489 -1288
3412 224.494 -1267
3413 224.498 -1284
3414 224.502 -1207
3415 224.507 -1220
3416 224.511 -1242
3417 224.515 -1211
3418 224.520 -1278
3419 224.524 -1203
3420 224.528 -1240
3421 224.533 -1251
3422 224.537 -1205
3423 224.541 -1202
3424 224.546 -1196
3425 224.550 -1142
3426 224.554 -1176
3427 224.559 -1308
3428 224.563 -1155
3429 224.567 -1133
3430 224.572 -1193
3431 224.576 -1171
3432 224.580 -1161
3433 224.585 -1144
3434 224.589 -1106
3435 224.594 -1121
3436 224.598 -1113
3437 224.602 -1046
3438 224.607 -928
3439 224.611 -973
3440 224.615 -1058
3441 224.620 -1182
3442 224.624 -1246
3443 224.628 -1254
3444 224.633 -1259
3445 224.637 -1188
3446 224.641 -1149
3447 224.646 -1158
3448 224.650 -1209
3449 224.654 -1192
3450 224.659 -1141
3451 224.663 -1233
3452 224.667 -1174
3453 224.672 -1190
3454 224.676 -1212
3455 224.680 -1240
3456 224.685 -1235
3457 224.689 -1283
3458 224.693 -1232
3459 224.698 -1163
3460 224.702 -1176
3461 224.707 -1053
3462 224.711 -986
3463 224.715 -1025
3464 224.720 -1105
3465 224.724 -1089
3466 224.728 -1115
3467 224.733 -1166
3468 224.737 -1186
3469 224.741 -1162
3470 224.746 -1109
3471 224.750 -1051
3472 224.754 -1038
3473 224.759 -1151
3474 224.763 -1259
3475 224.767 -1198
3476 224.772 -1279
3477 224.776 -1241
3478 224.781 -1172
3479 224.785 -1173
3480 224.789 -1132
3481 224.794 -1080
3482 224.798 -1043
3483 224.802 -1141
3484 224.807 -1191
3485 224.811 -1100
3486 224.815 -981
3487 224.820 -931
3488 224.824 -1012
3489 224.828 -1092
3490 224.833 -1050
3491 224.837 -1061
3492 224.842 -1225
3493 224.846 -1298
3494 224.850 -1190
3495 224.855 -1135
3496 224.859 -1039
3497 224.863 -1074
3498 224.868 -1029
3499 224.872 -1052
3500 224.876 -1026
3501 224.881 -1009
3502 224.885 -1038
3503 224.889 -1101
3504 224.894 -1162
3505 224.898 -1073
3506 224.903 -935
3507 224.907 -961
3508 224.911 -1076
3509 224.916 -1071
3510 224.920 -1007
3511 224.924 -1068
3512 224.929 -1036
3513 224.933 -1091
3514 224.938 -1087
3515 224.942 -1062
3516 224.946 -1037
3517 224.951 -992
3518 224.955 -1029
3519 224.959 -1007
3520 224.964 -1032
3521 224.968 -1086
3522 224.972 -1116
3523 224.977 -1184
3524 224.981 -1182
3525 224.986 -1176
3526 224.990 -1206
3527 224.994 -1022
3528 224.999 -1039
3529 225.003 -1090
3530 225.007 -1067
3531 225.012 -1085
3532 225.016 -1052
3533 225.021 -1053
3534 225.025 -1093
3535 225.029 -1054
3536 225.034 -1003
3537 225.038 -1077
3538 225.042 -1171
3539 225.047 -1089
3540 225.051 -1140
3541 225.056 -1110
3542 225.060 -1133
3543 225.064 -1053
3544 225.069 -1014
3545 225.073 -1048
3546 225.077 -1119
3547 225.082 -1134
3548 225.086 -1134
3549 225.091 -1164
3550 225.095 -1197
3551 225.099 -1171
3552 225.104 -1098
3553 225.108 -1061
3554 225.112 -1076
3555 225.117 -1038
3556 225.121 -948
3557 225.126 -1036
3558 225.130 -1077
3559 225.134 -1043
3560 225.139 -1090
3561 225.143 -1156
3562 225.147 -1217
3563 225.152 -1123
3564 225.156 -1138
3565 225.161 -1116
3566 225.165 -1180
3567 225.169 -1196
3568 225.174 -1163
3569 225.178 -913
3570 225.183 -879
3571 225.187 -995
3572 225.191 -1004
3573 225.196 -968
3574 225.200 -1055
3575 225.204 -1149
3576 225.209 -1167
3577 225.213 -1168
3578 225.218 -1079
3579 225.222 -985
3580 225.226 -1041
3581 225.231 -1048
3582 225.235 -1062
3583 225.240 -1053
3584 225.244 -1073
3585 225.248 -1077
3586 225.253 -1145
3587 225.257 -1133
3588 225.262 -1160
3589 225.266 -1121
3590 225.270 -1109
3591 225.275 -1038
3592 225.279 -1041
3593 225.284 -1044
3594 225.288 -1041
3595 225.292 -1058
3596 225.297 -1154
3597 225.301 -1067
3598 225.305 -1075
3599 225.310 -1163
3600 225.314 -1117
3601 225.319 -1092
3602 225.323 -1082
3603 225.327 -990
3604 225.332 -947
3605 225.336 -949
3606 225.341 -870
3607 225.345 -876
3608 225.349 -1029
3609 225.354 -1112
3610 225.358 -1073
3611 225.363 -1113
3612 225.367 -1072
3613 225.371 -1016
3614 225.376 -989
3615 225.380 -1043
3616 225.385 -1034
3617 225.389 -1093
3618 225.393 -1151
3619 225.398 -1085
3620 225.402 -1077
3621 225.407 -1105
3622 225.411 -1176
3623 225.415 -1232
3624 225.420 -1095
3625 225.424 -990
3626 225.429 -1046
3627 225.433 -1075
3628 225.437 -1058
3629 225.442 -1001
3630 225.446 -883
3631 225.451 -828
3632 225.455 -951
3633 225.459 -1047
3634 225.464 -1092
3635 225.468 -984
3636 225.473 -1024
3637 225.477 -1059
3638 225.481 -983
3639 225.486 -978
3640 225.490 -870
3641 225.495 -927
3642 225.499 -949
3643 225.504 -1073
3644 225.508 -1102
3645 225.512 -925
3646 225.517 -986
3647 225.521 -1123
3648 225.526 -1165
