1 211.301 172
2 211.305 184
3 211.308 131
4 211.312 54
5 211.315 69
6 211.319 33
7 211.322 -2
8 211.325 10
9 211.329 -34
10 211.332 -61
11 211.336 37
12 211.339 56
13 211.343 53
14 211.346 5
15 211.350 23
16 211.353 -7
17 211.357 -27
18 211.360 -36
19 211.364 42
20 211.367 37
21 211.371 -17
22 211.374 15
23 211.378 -8
24 211.381 -72
25 211.385 25
26 211.388 18
27 211.392 -106
28 211.395 -76
29 211.398 -20
30 211.402 -12
31 211.405 -186
32 211.409 -492
33 211.412 -634
34 211.416 -663
35 211.419 -641
36 211.423 -760
37 211.426 -791
38 211.430 -761
39 211.433 -726
40 211.437 -721
41 211.440 -695
42 211.444 -640
43 211.447 -638
44 211.451 -685
45 211.454 -735
46 211.458 -791
47 211.461 -767
48 211.465 -810
49 211.468 -728
50 211.472 -644
51 211.475 -626
52 211.478 -721
53 211.482 -740
54 211.485 -769
55 211.489 -818
56 211.492 -756
57 211.496 -769
58 211.499 -784
59 211.503 -780
60 211.506 -630
61 211.510 -589
62 211.513 -684
63 211.517 -787
64 211.520 -789
65 211.524 -685
66 211.527 -718
67 211.531 -762
68 211.534 -760
69 211.538 -749
70 211.541 -698
71 211.545 -672
72 211.548 -677
73 211.552 -679
74 211.555 -755
75 211.559 -750
76 211.562 -769
77 211.566 -878
78 211.569 -779
79 211.573 -719
80 211.576 -807
81 211.580 -785
82 211.583 -694
83 211.587 -670
84 211.590 -750
85 211.593 -618
86 211.597 -609
87 211.600 -662
88 211.604 -768
89 211.607 -823
90 211.611 -898
91 211.614 -855
92 211.618 -845
93 211.621 -792
94 211.625 -751
95 211.628 -654
96 211.632 -743
97 211.635 -758
98 211.639 -701
99 211.642 -680
100 211.646 -658
101 211.649 -617
102 211.653 -675
103 211.656 -782
104 211.660 -768
105 211.663 -743
106 211.667 -699
107 211.670 -748
108 211.674 -782
109 211.677 -689
110 211.681 -600
111 211.684 -670
112 211.688 -793
113 211.691 -821
114 211.695 -799
115 211.698 -853
116 211.702 -740
117 211.705 -763
118 211.709 -719
119 211.712 -614
120 211.716 -701
121 211.719 -769
122 211.723 -783
123 211.726 -764
124 211.730 -757
125 211.733 -858
126 211.737 -909
127 211.740 -810
128 211.744 -718
129 211.747 -755
130 211.751 -730
131 211.754 -658
132 211.758 -705
133 211.761 -858
134 211.765 -827
135 211.768 -681
136 211.772 -650
137 211.775 -708
138 211.779 -788
139 211.782 -760
140 211.786 -801
141 211.789 -816
142 211.793 -880
143 211.796 -807
144 211.800 -830
145 211.803 -815
146 211.807 -833
147 211.810 -839
148 211.814 -764
149 211.817 -752
150 211.821 -666
151 211.824 -723
152 211.828 -664
153 211.831 -674
154 211.835 -722
155 211.838 -727
156 211.842 -713
157 211.845 -626
158 211.849 -725
159 211.852 -801
160 211.856 -808
161 211.859 -766
162 211.863 -758
163 211.866 -734
164 211.870 -772
165 211.873 -790
166 211.877 -788
167 211.880 -847
168 211.884 -800
169 211.887 -818
170 211.891 -944
171 211.894 -863
172 211.898 -705
173 211.901 -680
174 211.905 -707
175 211.908 -788
176 211.912 -893
177 211.915 -873
178 211.919 -879
179 211.922 -778
180 211.926 -730
181 211.929 -692
182 211.933 -768
183 211.936 -869
184 211.940 -1058
185 211.943 -951
186 211.947 -913
187 211.950 -862
188 211.954 -850
189 211.957 -851
190 211.961 -780
191 211.964 -656
192 211.968 -675
193 211.971 -729
194 211.975 -722
195 211.978 -818
196 211.982 -786
197 211.985 -740
198 211.989 -667
199 211.992 -646
200 211.996 -689
201 211.999 -764
202 212.003 -816
203 212.006 -792
204 212.010 -805
205 212.013 -825
206 212.017 -833
207 212.020 -848
208 212.024 -845
209 212.028 -849
210 212.031 -842
211 212.035 -858
212 212.038 -909
213 212.042 -848
214 212.045 -767
215 212.049 -751
216 212.052 -690
217 212.056 -747
218 212.059 -838
219 212.063 -848
220 212.066 -956
221 212.070 -964
222 212.073 -934
223 212.077 -850
224 212.080 -889
225 212.084 -833
226 212.087 -829
227 212.091 -873
228 212.094 -875
229 212.098 -818
230 212.101 -831
231 212.105 -844
232 212.108 -890
233 212.112 -850
234 212.115 -853
235 212.119 -826
236 212.122 -774
237 212.126 -752
238 212.129 -803
239 212.133 -867
240 212.136 -927
241 212.140 -889
242 212.144 -816
243 212.147 -815
244 212.151 -800
245 212.154 -870
246 212.158 -908
247 212.161 -839
248 212.165 -879
249 212.168 -885
250 212.172 -896
251 212.175 -847
252 212.179 -914
253 212.182 -913
254 212.186 -844
255 212.189 -822
256 212.193 -747
257 212.196 -698
258 212.200 -764
259 212.203 -804
260 212.207 -933
261 212.210 -917
262 212.214 -876
263 212.217 -855
264 212.221 -830
265 212.225 -860
266 212.228 -813
267 212.232 -887
268 212.235 -827
269 212.239 -845
270 212.242 -854
271 212.246 -812
272 212.249 -733
273 212.253 -848
274 212.256 -869
275 212.260 -838
276 212.263 -828
277 212.267 -795
278 212.270 -876
279 212.274 -946
280 212.277 -894
281 212.281 -905
282 212.284 -944
283 212.288 -938
284 212.291 -909
285 212.295 -806
286 212.299 -772
287 212.302 -856
288 212.306 -913
289 212.309 -977
290 212.313 -952
291 212.316 -859
292 212.320 -897
293 212.323 -933
294 212.327 -918
295 212.330 -828
296 212.334 -877
297 212.337 -907
298 212.341 -868
299 212.344 -832
300 212.348 -734
301 212.351 -779
302 212.355 -938
303 212.359 -947
304 212.362 -839
305 212.366 -815
306 212.369 -798
307 212.373 -815
308 212.376 -821
309 212.380 -865
310 212.383 -833
311 212.387 -794
312 212.390 -811
313 212.394 -816
314 212.397 -806
315 212.401 -888
316 212.404 -899
317 212.408 -871
318 212.412 -878
319 212.415 -854
320 212.419 -819
321 212.422 -789
322 212.426 -836
323 212.429 -829
324 212.433 -811
325 212.436 -857
326 212.440 -945
327 212.443 -965
328 212.447 -947
329 212.450 -932
330 212.454 -904
331 212.457 -966
332 212.461 -905
333 212.465 -893
334 212.468 -827
335 212.472 -901
336 212.475 -945
337 212.479 -895
338 212.482 -884
339 212.486 -850
340 212.489 -873
341 212.493 -944
342 212.496 -984
343 212.500 -956
344 212.503 -915
345 212.507 -920
346 212.511 -926
347 212.514 -911
348 212.518 -901
349 212.521 -895
350 212.525 -839
351 212.528 -958
352 212.532 -918
353 212.535 -842
354 212.539 -795
355 212.542 -865
356 212.546 -802
357 212.550 -811
358 212.553 -860
359 212.557 -870
360 212.560 -922
361 212.564 -886
362 212.567 -796
363 212.571 -864
364 212.574 -893
365 212.578 -920
366 212.581 -831
367 212.585 -848
368 212.588 -952
369 212.592 -993
370 212.596 -994
371 212.599 -970
372 212.603 -958
373 212.606 -915
374 212.610 -911
375 212.613 -849
376 212.617 -791
377 212.620 -874
378 212.624 -910
379 212.627 -813
380 212.631 -797
381 212.635 -794
382 212.638 -900
383 212.642 -924
384 212.645 -951
385 212.649 -972
386 212.652 -1057
387 212.656 -963
388 212.659 -853
389 212.663 -799
390 212.667 -717
391 212.670 -841
392 212.674 -951
393 212.677 -1090
394 212.681 -1080
395 212.684 -1047
396 212.688 -959
397 212.691 -968
398 212.695 -970
399 212.698 -916
400 212.702 -828
401 212.706 -928
402 212.709 -886
403 212.713 -874
404 212.716 -903
405 212.720 -963
406 212.723 -852
407 212.727 -781
408 212.730 -745
409 212.734 -858
410 212.738 -886
411 212.741 -938
412 212.745 -908
413 212.748 -915
414 212.752 -871
415 212.755 -944
416 212.759 -929
417 212.762 -932
418 212.766 -959
419 212.770 -903
420 212.773 -874
421 212.777 -944
422 212.780 -974
423 212.784 -988
424 212.787 -921
425 212.791 -859
426 212.794 -847
427 212.798 -878
428 212.802 -893
429 212.805 -928
430 212.809 -970
431 212.812 -987
432 212.816 -1011
433 212.819 -1043
434 212.823 -936
435 212.826 -883
436 212.830 -866
437 212.834 -980
438 212.837 -961
439 212.841 -916
440 212.844 -831
441 212.848 -832
442 212.851 -868
443 212.855 -909
444 212.858 -950
445 212.862 -946
446 212.866 -876
447 212.869 -871
448 212.873 -881
449 212.876 -905
450 212.880 -967
451 212.883 -991
452 212.887 -955
453 212.890 -912
454 212.894 -888
455 212.898 -887
456 212.901 -882
457 212.905 -899
458 212.908 -906
459 212.912 -925
460 212.915 -950
461 212.919 -923
462 212.923 -999
463 212.926 -976
464 212.930 -971
465 212.933 -942
466 212.937 -904
467 212.940 -888
468 212.944 -885
469 212.948 -912
470 212.951 -903
471 212.955 -964
472 212.958 -1003
473 212.962 -986
474 212.965 -987
475 212.969 -994
476 212.972 -987
477 212.976 -959
478 212.980 -943
479 212.983 -967
480 212.987 -986
481 212.990 -1011
482 212.994 -1041
483 212.997 -1005
484 213.001 -1027
485 213.005 -1033
486 213.008 -989
487 213.012 -1044
488 213.015 -991
489 213.019 -986
490 213.022 -981
491 213.026 -981
492 213.030 -1005
493 213.033 -882
494 213.037 -832
495 213.040 -832
496 213.044 -907
497 213.047 -975
498 213.051 -1009
499 213.055 -1008
500 213.058 -1028
501 213.062 -895
502 213.065 -792
503 213.069 -791
504 213.072 -890
505 213.076 -909
506 213.080 -954
507 213.083 -1039
508 213.087 -1038
509 213.090 -980
510 213.094 -952
511 213.097 -997
512 213.101 -911
513 213.105 -885
514 213.108 -888
515 213.112 -889
516 213.115 -939
517 213.119 -879
518 213.122 -808
519 213.126 -794
520 213.130 -837
521 213.133 -1036
522 213.137 -1002
523 213.140 -927
524 213.144 -862
525 213.147 -825
526 213.151 -877
527 213.155 -966
528 213.158 -1028
529 213.162 -994
530 213.165 -1022
531 213.169 -1036
532 213.173 -966
533 213.176 -811
534 213.180 -829
535 213.183 -994
536 213.187 -1068
537 213.190 -1039
538 213.194 -933
539 213.198 -558
540 213.201 -48
541 213.205 -455
542 213.208 -688
543 213.212 -808
544 213.215 -910
545 213.219 -969
546 213.223 -1020
547 213.226 -965
548 213.230 -951
549 213.233 -909
550 213.237 -833
551 213.241 -762
552 213.244 -834
553 213.248 -924
554 213.251 -905
555 213.255 -959
556 213.258 -939
557 213.262 -1010
558 213.266 -1000
559 213.269 -1014
560 213.273 -1026
561 213.276 -1018
562 213.280 -975
563 213.284 -915
564 213.287 -1000
565 213.291 -1014
566 213.294 -1057
567 213.298 -1015
568 213.301 -1005
569 213.305 -989
570 213.309 -958
571 213.312 -1095
572 213.316 -1132
573 213.319 -1101
574 213.323 -1213
575 213.327 -1186
576 213.330 -1065
577 213.334 -967
578 213.337 -917
579 213.341 -951
580 213.345 -1021
581 213.348 -1090
582 213.352 -1016
583 213.355 -924
584 213.359 -990
585 213.362 -1004
586 213.366 -978
587 213.370 -967
588 213.373 -1096
589 213.377 -1093
590 213.380 -1034
591 213.384 -1081
592 213.388 -1024
593 213.391 -1050
594 213.395 -1074
595 213.398 -1117
596 213.402 -1090
597 213.406 -1031
598 213.409 -1012
599 213.413 -1007
600 213.416 -1019
601 213.420 -1123
602 213.423 -1090
603 213.427 -1068
604 213.431 -1045
605 213.434 -1031
606 213.438 -982
607 213.441 -1052
608 213.445 -1133
609 213.449 -996
610 213.452 -738
611 213.456 -923
612 213.459 -972
613 213.463 -1021
614 213.467 -1087
615 213.470 -1167
616 213.474 -1107
617 213.477 -1069
618 213.481 -1030
619 213.485 -1072
620 213.488 -1106
621 213.492 -1162
622 213.495 -1049
623 213.499 -1001
624 213.503 -1037
625 213.506 -983
626 213.510 -1034
627 213.513 -993
628 213.517 -1003
629 213.521 -1033
630 213.524 -1078
631 213.528 -969
632 213.531 -940
633 213.535 -1014
634 213.539 -1024
635 213.542 -1074
636 213.546 -1007
637 213.549 -959
638 213.553 -947
639 213.557 -966
640 213.560 -1006
641 213.564 -1134
642 213.567 -1079
643 213.571 -1007
644 213.575 -1011
645 213.578 -963
646 213.582 -955
647 213.585 -1026
648 213.589 -1114
649 213.593 -1019
650 213.596 -900
651 213.600 -920
652 213.603 -1037
653 213.607 -1058
654 213.611 -1127
655 213.614 -1115
656 213.618 -1081
657 213.621 -1021
658 213.625 -972
659 213.629 -1051
660 213.632 -1189
661 213.636 -1055
662 213.639 -943
663 213.643 -1080
664 213.647 -1195
665 213.650 -1125
666 213.654 -1126
667 213.657 -1020
668 213.661 -1012
669 213.665 -1143
670 213.668 -1053
671 213.672 -1006
672 213.676 -1070
673 213.679 -1015
674 213.683 -1057
675 213.686 -1104
676 213.690 -1056
677 213.694 -1044
678 213.697 -1048
679 213.701 -1028
680 213.704 -955
681 213.708 -940
682 213.712 -1021
683 213.715 -987
684 213.719 -953
685 213.722 -1056
686 213.726 -1145
687 213.730 -1135
688 213.733 -1000
689 213.737 -922
690 213.740 -1033
691 213.744 -1037
692 213.748 -1049
693 213.751 -1074
694 213.755 -1055
695 213.759 -998
696 213.762 -1012
697 213.766 -1011
698 213.769 -990
699 213.773 -1054
700 213.777 -1115
701 213.780 -1080
702 213.784 -1039
703 213.787 -1095
704 213.791 -1080
705 213.795 -1044
706 213.798 -1062
707 213.802 -1040
708 213.806 -998
709 213.809 -1029
710 213.813 -1100
711 213.816 -1108
712 213.820 -1069
713 213.824 -1017
714 213.827 -1009
715 213.831 -1030
716 213.834 -1079
717 213.838 -1143
718 213.842 -1103
719 213.845 -1059
720 213.849 -1049
721 213.853 -1003
722 213.856 -1004
723 213.860 -1033
724 213.863 -988
725 213.867 -1002
726 213.871 -1066
727 213.874 -1105
728 213.878 -1142
729 213.882 -1098
730 213.885 -1070
731 213.889 -1097
732 213.892 -1053
733 213.896 -976
734 213.900 -1046
735 213.903 -1123
736 213.907 -1034
737 213.910 -1010
738 213.914 -1025
739 213.918 -1018
740 213.921 -1027
741 213.925 -979
742 213.929 -1148
743 213.932 -1167
744 213.936 -1151
745 213.939 -1075
746 213.943 -1019
747 213.947 -1029
748 213.950 -1039
749 213.954 -990
750 213.958 -983
751 213.961 -996
752 213.965 -1017
753 213.968 -959
754 213.972 -1000
755 213.976 -1053
756 213.979 -1098
757 213.983 -1107
758 213.987 -1143
759 213.990 -1123
760 213.994 -1064
761 213.997 -1010
762 214.001 -1067
763 214.005 -1078
764 214.008 -1146
765 214.012 -1098
766 214.016 -1059
767 214.019 -1090
768 214.023 -1052
769 214.027 -983
770 214.030 -1035
771 214.034 -1086
772 214.037 -1037
773 214.041 -941
774 214.045 -978
775 214.048 -988
776 214.052 -992
777 214.056 -982
778 214.059 -1052
779 214.063 -1022
780 214.066 -1084
781 214.070 -1056
782 214.074 -1055
783 214.077 -1045
784 214.081 -1069
785 214.085 -1020
786 214.088 -995
787 214.092 -949
788 214.095 -997
789 214.099 -1986
790 214.103 -3181
791 214.106 -1892
792 214.110 -1328
793 214.114 -1182
794 214.117 -1010
795 214.121 -1007
796 214.125 -1006
797 214.128 -1003
798 214.132 -1023
799 214.135 -1047
800 214.139 -987
801 214.143 -981
802 214.146 -1002
803 214.150 -933
804 214.154 -973
805 214.157 -1055
806 214.161 -919
807 214.165 -794
808 214.168 -880
809 214.172 -904
810 214.175 -875
811 214.179 -859
812 214.183 -826
813 214.186 -888
814 214.190 -951
815 214.194 -999
816 214.197 -945
817 214.201 -899
818 214.205 -884
819 214.208 -848
820 214.212 -828
821 214.216 -872
822 214.219 -797
823 214.223 -737
824 214.226 -823
825 214.230 -812
826 214.234 -858
827 214.237 -904
828 214.241 -941
829 214.245 -930
830 214.248 -927
831 214.252 -869
832 214.256 -864
833 214.259 -878
834 214.263 -874
835 214.266 -821
836 214.270 -928
837 214.274 -796
838 214.277 -758
839 214.281 -698
840 214.285 -705
841 214.288 -748
842 214.292 -743
843 214.296 -808
844 214.299 -821
845 214.303 -730
846 214.307 -717
847 214.310 -679
848 214.314 -815
849 214.318 -835
850 214.321 -784
851 214.325 -693
852 214.328 -676
853 214.332 -678
854 214.336 -821
855 214.339 -729
856 214.343 -687
857 214.347 -646
858 214.350 -699
859 214.354 -841
860 214.358 -874
861 214.361 -737
862 214.365 -642
863 214.369 -666
864 214.372 -560
865 214.376 -464
866 214.380 -472
867 214.383 -457
868 214.387 -400
869 214.390 -363
870 214.394 -248
871 214.398 -220
872 214.401 -209
873 214.405 -275
874 214.409 -212
875 214.412 -163
876 214.416 -266
877 214.420 -418
878 214.423 -393
879 214.427 -382
880 214.431 -430
881 214.434 -454
882 214.438 -477
883 214.442 -377
884 214.445 -436
885 214.449 -472
886 214.453 -491
887 214.456 -406
888 214.460 -400
889 214.464 -401
890 214.467 -291
891 214.471 -28
892 214.475 -11
893 214.478 -39
894 214.482 78
895 214.485 162
896 214.489 212
897 214.493 189
898 214.496 1
899 214.500 -89
900 214.504 -170
901 214.507 -167
902 214.511 -174
903 214.515 -192
904 214.518 -218
905 214.522 -68
906 214.526 30
907 214.529 60
908 214.533 139
909 214.537 235
910 214.540 335
911 214.544 347
912 214.548 334
913 214.551 275
914 214.555 123
915 214.559 20
916 214.562 -124
917 214.566 -175
918 214.570 -309
919 214.573 -479
920 214.577 -481
921 214.581 -327
922 214.584 -287
923 214.588 -316
924 214.592 -263
925 214.595 -170
926 214.599 -260
927 214.603 -271
928 214.606 -147
929 214.610 -78
930 214.614 -18
931 214.617 75
932 214.621 175
933 214.625 289
934 214.628 422
935 214.632 468
936 214.636 491
937 214.639 422
938 214.643 344
939 214.647 221
940 214.650 219
941 214.654 32
942 214.658 -118
943 214.661 -206
944 214.665 -162
945 214.669 -227
946 214.672 -263
947 214.676 -228
948 214.680 -124
949 214.683 -29
950 214.687 -56
951 214.691 -97
952 214.694 -33
953 214.698 -8
954 214.702 -5
955 214.705 -117
956 214.709 -72
957 214.713 -48
958 214.716 59
959 214.720 158
960 214.724 131
961 214.727 156
962 214.731 185
963 214.735 49
964 214.738 16
965 214.742 -119
966 214.746 -89
967 214.749 -102
968 214.753 -203
969 214.757 -183
970 214.760 -286
971 214.764 -207
972 214.768 -99
973 214.771 -119
974 214.775 -65
975 214.779 -38
976 214.782 6
977 214.786 155
978 214.790 157
979 214.793 42
980 214.797 -133
981 214.801 -190
982 214.804 -269
983 214.808 -378
984 214.812 -439
985 214.816 -361
986 214.819 -344
987 214.823 -367
988 214.827 -378
989 214.830 -306
990 214.834 -316
991 214.838 -185
992 214.841 -153
993 214.845 -141
994 214.849 -137
995 214.852 -83
996 214.856 -59
997 214.860 -88
998 214.863 -78
999 214.867 29
1000 214.871 56
1001 214.874 50
1002 214.878 78
1003 214.882 54
1004 214.885 111
1005 214.889 170
1006 214.893 21
1007 214.896 26
1008 214.900 21
1009 214.904 -14
1010 214.907 -14
1011 214.911 18
1012 214.915 34
1013 214.919 110
1014 214.922 56
1015 214.926 99
1016 214.930 212
1017 214.933 348
1018 214.937 298
1019 214.941 268
1020 214.944 246
1021 214.948 135
1022 214.952 166
1023 214.955 161
1024 214.959 12
1025 214.963 86
1026 214.966 120
1027 214.970 189
1028 214.974 182
1029 214.978 283
1030 214.981 347
1031 214.985 375
1032 214.989 343
1033 214.992 342
1034 214.996 337
1035 215.000 276
1036 215.003 272
1037 215.007 354
1038 215.011 255
1039 215.014 247
1040 215.018 151
1041 215.022 190
1042 215.025 325
1043 215.029 443
1044 215.033 433
1045 215.037 428
1046 215.040 520
1047 215.044 548
1048 215.048 587
1049 215.051 617
1050 215.055 624
1051 215.059 648
1052 215.062 760
1053 215.066 890
1054 215.070 840
1055 215.073 785
1056 215.077 726
1057 215.081 730
1058 215.085 673
1059 215.088 650
1060 215.092 760
1061 215.096 874
1062 215.099 1017
1063 215.103 1360
1064 215.107 1875
1065 215.110 2691
1066 215.114 3944
1067 215.118 5419
1068 215.121 7040
1069 215.125 8598
1070 215.129 9724
1071 215.133 10375
1072 215.136 11077
1073 215.140 12128
1074 215.144 13265
1075 215.147 14517
1076 215.151 15771
1077 215.155 16269
1078 215.158 15888
1079 215.162 15012
1080 215.166 13922
1081 215.170 12821
1082 215.173 12303
1083 215.177 12430
1084 215.181 13779
1085 215.184 16949
1086 215.188 22327
1087 215.192 29440
1088 215.195 37237
1089 215.199 44615
1090 215.203 50014
1091 215.207 52298
1092 215.210 50949
1093 215.214 46784
1094 215.218 41162
1095 215.221 35795
1096 215.225 31325
1097 215.229 28307
1098 215.232 27469
1099 215.236 29319
1100 215.240 34119
1101 215.244 42094
1102 215.247 51864
1103 215.251 61667
1104 215.255 69743
1105 215.258 74722
1106 215.262 75201
1107 215.266 71273
1108 215.269 64091
1109 215.273 55823
1110 215.277 47544
1111 215.281 40464
1112 215.284 35476
1113 215.288 32778
1114 215.292 32333
1115 215.295 34665
1116 215.299 40163
1117 215.303 47789
1118 215.307 55831
1119 215.310 62943
1120 215.314 67348
1121 215.318 68992
1122 215.321 68411
1123 215.325 67589
1124 215.329 68079
1125 215.333 70525
1126 215.336 74094
1127 215.340 76880
1128 215.344 76869
1129 215.347 73498
1130 215.351 66985
1131 215.355 58868
1132 215.358 50500
1133 215.362 42589
1134 215.366 35988
1135 215.370 30905
1136 215.373 27059
1137 215.377 24448
1138 215.381 23001
1139 215.384 22546
1140 215.388 23123
1141 215.392 25198
1142 215.396 29193
1143 215.399 35318
1144 215.403 43650
1145 215.407 53394
1146 215.410 62673
1147 215.414 69586
1148 215.418 72491
1149 215.422 71524
1150 215.425 68846
1151 215.429 66606
1152 215.433 66344
1153 215.436 68893
1154 215.440 73627
1155 215.444 78763
1156 215.448 81877
1157 215.451 81393
1158 215.455 76839
1159 215.459 69529
1160 215.462 61606
1161 215.466 54428
1162 215.470 48925
1163 215.474 45342
1164 215.477 44506
1165 215.481 46725
1166 215.485 52791
1167 215.488 63161
1168 215.492 77429
1169 215.496 94039
1170 215.500 109892
1171 215.503 122661
1172 215.507 130671
1173 215.511 132945
1174 215.515 128775
1175 215.518 119081
1176 215.522 106081
1177 215.526 92646
1178 215.529 80593
1179 215.533 70793
1180 215.537 64067
1181 215.541 61384
1182 215.544 62910
1183 215.548 68731
1184 215.552 79070
1185 215.555 92657
1186 215.559 106625
1187 215.563 119525
1188 215.567 130767
1189 215.570 140069
1190 215.574 144650
1191 215.578 142277
1192 215.582 133179
1193 215.585 119195
1194 215.589 103415
1195 215.593 88709
1196 215.596 76504
1197 215.600 67247
1198 215.604 61247
1199 215.608 58734
1200 215.611 59833
1201 215.615 65069
1202 215.619 74719
1203 215.623 87642
1204 215.626 101085
1205 215.630 112647
1206 215.634 120332
1207 215.637 123586
1208 215.641 122445
1209 215.645 119038
1210 215.649 116251
1211 215.652 116261
1212 215.656 119310
1213 215.660 124263
1214 215.664 128959
1215 215.667 130731
1216 215.671 127380
1217 215.675 118679
1218 215.678 106141
1219 215.682 92158
1220 215.686 79004
1221 215.690 68167
1222 215.693 59503
1223 215.697 52372
1224 215.701 46628
1225 215.705 42652
1226 215.708 40021
1227 215.712 38590
1228 215.716 38489
1229 215.720 39843
1230 215.723 43146
1231 215.727 48808
1232 215.731 57347
1233 215.734 69043
1234 215.738 82800
1235 215.742 97300
1236 215.746 109738
1237 215.749 118273
1238 215.753 122134
1239 215.757 121997
1240 215.761 119617
1241 215.764 117401
1242 215.768 117558
1243 215.772 120860
1244 215.776 126098
1245 215.779 131534
1246 215.783 134548
1247 215.787 133984
1248 215.790 129180
1249 215.794 120530
1250 215.798 109221
1251 215.802 97146
1252 215.805 85906
1253 215.809 76830
1254 215.813 70165
1255 215.817 66131
1256 215.820 64989
1257 215.824 67162
1258 215.828 73290
1259 215.832 84023
1260 215.835 99533
1261 215.839 118636
1262 215.843 138961
1263 215.847 157958
1264 215.850 173171
1265 215.854 183314
1266 215.858 187038
1267 215.862 183833
1268 215.865 174317
1269 215.869 160106
1270 215.873 143348
1271 215.877 126627
1272 215.880 111737
1273 215.884 99732
1274 215.888 91033
1275 215.891 85819
1276 215.895 84392
1277 215.899 87250
1278 215.903 94959
1279 215.906 107948
1280 215.910 125583
1281 215.914 146014
1282 215.918 166022
1283 215.921 183070
1284 215.925 195290
1285 215.929 201713
1286 215.933 201059
1287 215.936 193921
1288 215.940 180677
1289 215.944 163948
1290 215.948 145837
1291 215.951 128225
1292 215.955 112518
1293 215.959 99811
1294 215.963 89559
1295 215.966 82331
1296 215.970 78352
1297 215.974 77630
1298 215.978 80796
1299 215.981 87801
1300 215.985 98467
1301 215.989 111767
1302 215.993 126027
1303 215.996 139552
1304 216.000 150308
1305 216.004 157203
1306 216.008 159537
1307 216.011 158551
1308 216.015 155703
1309 216.019 152755
1310 216.023 151900
1311 216.026 154062
1312 216.030 158408
1313 216.034 163561
1314 216.038 167511
1315 216.041 168825
1316 216.045 166428
1317 216.049 160330
1318 216.053 150105
1319 216.056 137137
1320 216.060 123257
1321 216.064 109554
1322 216.068 96761
1323 216.071 85643
1324 216.075 76110
1325 216.079 68361
1326 216.083 62210
1327 216.087 57659
1328 216.090 54159
1329 216.094 51951
1330 216.098 51362
1331 216.102 51797
1332 216.105 53708
1333 216.109 57659
1334 216.113 63860
1335 216.117 72793
1336 216.120 84538
1337 216.124 98632
1338 216.128 114348
1339 216.132 129953
1340 216.135 143785
1341 216.139 154686
1342 216.143 161738
1343 216.147 165002
1344 216.150 165123
1345 216.154 163835
1346 216.158 162386
1347 216.162 162344
1348 216.165 164690
1349 216.169 169096
1350 216.173 174446
1351 216.177 179768
1352 216.180 183034
1353 216.184 183473
1354 216.188 180295
1355 216.192 173417
1356 216.196 163030
1357 216.199 150758
1358 216.203 137689
1359 216.207 124765
1360 216.211 113234
1361 216.214 103614
1362 216.218 96297
1363 216.222 91921
1364 216.226 90536
1365 216.229 92363
1366 216.233 97726
1367 216.237 107202
1368 216.241 120936
1369 216.244 138901
1370 216.248 159898
1371 216.252 182639
1372 216.256 204484
1373 216.260 224326
1374 216.263 240484
1375 216.267 251552
1376 216.271 256916
1377 216.275 256259
1378 216.278 249154
1379 216.282 236736
1380 216.286 220357
1381 216.290 201597
1382 216.293 181935
1383 216.297 163337
1384 216.301 146868
1385 216.305 133195
1386 216.309 122436
1387 216.312 115822
1388 216.316 112761
1389 216.320 114020
1390 216.324 119616
1391 216.327 129689
1392 216.331 144118
1393 216.335 162153
1394 216.339 182360
1395 216.343 204166
1396 216.346 225395
1397 216.350 244215
1398 216.354 259017
1399 216.358 268946
1400 216.361 272965
1401 216.365 271157
1402 216.369 263123
1403 216.373 250028
1404 216.376 232390
1405 216.380 212598
1406 216.384 192089
1407 216.388 171808
1408 216.392 153064
1409 216.395 136858
1410 216.399 123409
1411 216.403 113107
1412 216.407 106033
1413 216.410 102420
1414 216.414 101985
1415 216.418 104841
1416 216.422 111057
1417 216.426 120816
1418 216.429 133333
1419 216.433 147822
1420 216.437 163006
1421 216.441 177956
1422 216.444 191301
1423 216.448 202181
1424 216.452 209738
1425 216.456 213818
1426 216.460 214204
1427 216.463 212171
1428 216.467 208880
1429 216.471 205898
1430 216.475 203733
1431 216.478 203405
1432 216.482 204956
1433 216.486 208480
1434 216.490 212868
1435 216.494 217144
1436 216.497 219688
1437 216.501 219833
1438 216.505 216969
1439 216.509 210796
1440 216.513 201247
1441 216.516 189214
1442 216.520 175121
1443 216.524 159988
1444 216.528 144439
1445 216.531 129633
1446 216.535 115992
1447 216.539 104062
1448 216.543 93770
1449 216.547 85292
1450 216.550 78211
1451 216.554 72649
1452 216.558 68484
1453 216.562 65530
1454 216.566 63608
1455 216.569 62735
1456 216.573 63088
1457 216.577 64421
1458 216.581 66920
1459 216.584 71007
1460 216.588 76688
1461 216.592 84517
1462 216.596 94421
1463 216.600 106266
1464 216.603 119918
1465 216.607 134970
1466 216.611 150571
1467 216.615 166211
1468 216.619 180486
1469 216.622 193195
1470 216.626 203606
1471 216.630 211291
1472 216.634 215654
1473 216.638 217660
1474 216.641 217443
1475 216.645 216008
1476 216.649 214191
1477 216.653 213102
1478 216.656 213571
1479 216.660 215750
1480 216.664 219137
1481 216.668 223552
1482 216.672 228103
1483 216.675 232461
1484 216.679 235682
1485 216.683 237387
1486 216.687 236519
1487 216.691 232599
1488 216.694 225815
1489 216.698 216676
1490 216.702 205436
1491 216.706 192836
1492 216.710 179472
1493 216.713 166387
1494 216.717 153987
1495 216.721 142802
1496 216.725 132889
1497 216.729 124983
1498 216.732 119095
1499 216.736 115551
1500 216.740 114322
1501 216.744 115697
1502 216.748 119701
1503 216.751 126648
1504 216.755 136519
1505 216.759 149610
1506 216.763 165728
1507 216.767 184368
1508 216.770 205197
1509 216.774 227144
1510 216.778 249516
1511 216.782 271155
1512 216.786 290994
1513 216.789 308779
1514 216.793 323366
1515 216.797 334852
1516 216.801 342304
1517 216.805 345898
1518 216.808 344879
1519 216.812 339924
1520 216.816 330752
1521 216.820 317949
1522 216.824 302005
1523 216.827 284704
1524 216.831 266045
1525 216.835 247664
1526 216.839 229686
1527 216.843 212737
1528 216.846 197512
1529 216.850 184200
1530 216.854 172967
1531 216.858 164353
1532 216.862 158324
1533 216.865 155214
1534 216.869 155305
1535 216.873 158978
1536 216.877 165579
1537 216.881 175660
1538 216.885 188777
1539 216.888 204230
1540 216.892 221920
1541 216.896 240855
1542 216.900 260073
1543 216.904 279150
1544 216.907 297482
1545 216.911 314464
1546 216.915 329074
1547 216.919 341202
1548 216.923 350002
1549 216.926 356468
1550 216.930 359608
1551 216.934 359362
1552 216.938 355283
1553 216.942 347743
1554 216.945 336785
1555 216.949 323657
1556 216.953 309299
1557 216.957 294523
1558 216.961 279006
1559 216.965 262126
1560 216.968 244992
1561 216.972 228199
1562 216.976 211989
1563 216.980 196981
1564 216.984 183242
1565 216.987 170915
1566 216.991 160073
1567 216.995 151063
1568 216.999 144372
1569 217.003 140505
1570 217.006 139263
1571 217.010 140682
1572 217.014 144409
1573 217.018 150535
1574 217.022 159044
1575 217.026 169525
1576 217.029 181079
1577 217.033 193529
1578 217.037 206010
1579 217.041 218164
1580 217.045 229753
1581 217.048 240805
1582 217.052 250411
1583 217.056 258512
1584 217.060 265035
1585 217.064 270559
1586 217.068 274581
1587 217.071 277476
1588 217.075 279562
1589 217.079 280983
1590 217.083 281686
1591 217.087 282535
1592 217.090 283569
1593 217.094 284801
1594 217.098 286210
1595 217.102 288125
1596 217.106 290415
1597 217.110 293115
1598 217.113 295355
1599 217.117 297350
1600 217.121 298882
1601 217.125 300130
1602 217.129 300357
1603 217.133 299910
1604 217.136 298233
1605 217.140 295621
1606 217.144 291599
1607 217.148 286686
1608 217.152 280560
1609 217.155 273297
1610 217.159 265369
1611 217.163 256795
1612 217.167 247476
1613 217.171 237529
1614 217.175 227676
1615 217.178 217472
1616 217.182 206874
1617 217.186 196266
1618 217.190 185625
1619 217.194 175210
1620 217.198 165051
1621 217.201 155028
1622 217.205 145274
1623 217.209 136191
1624 217.213 128060
1625 217.217 120471
1626 217.221 113612
1627 217.224 107447
1628 217.228 102029
1629 217.232 97387
1630 217.236 93561
1631 217.240 90642
1632 217.244 88397
1633 217.247 86780
1634 217.251 85811
1635 217.255 85388
1636 217.259 85747
1637 217.263 86914
1638 217.267 88574
1639 217.270 90878
1640 217.274 93765
1641 217.278 97545
1642 217.282 102094
1643 217.286 107623
1644 217.290 113845
1645 217.293 121041
1646 217.297 128800
1647 217.301 137053
1648 217.305 145683
1649 217.309 154662
1650 217.313 163884
1651 217.316 173201
1652 217.320 182385
1653 217.324 191342
1654 217.328 199943
1655 217.332 208201
1656 217.336 216295
1657 217.339 223781
1658 217.343 230539
1659 217.347 236749
1660 217.351 242235
1661 217.355 247160
1662 217.359 251738
1663 217.362 255888
1664 217.366 259019
1665 217.370 261659
1666 217.374 264170
1667 217.378 266866
1668 217.382 269468
1669 217.385 271842
1670 217.389 273687
1671 217.393 275645
1672 217.397 278109
1673 217.401 280478
1674 217.405 282828
1675 217.409 285046
1676 217.412 286942
1677 217.416 287665
1678 217.420 287722
1679 217.424 287877
1680 217.428 287483
1681 217.432 286903
1682 217.435 285839
1683 217.439 284735
1684 217.443 282719
1685 217.447 278960
1686 217.451 273048
1687 217.455 266199
1688 217.458 259063
1689 217.462 251951
1690 217.466 245291
1691 217.470 239762
1692 217.474 235227
1693 217.478 233565
1694 217.482 235434
1695 217.485 239174
1696 217.489 242079
1697 217.493 243453
1698 217.497 242439
1699 217.501 238772
1700 217.505 233898
1701 217.508 229021
1702 217.512 223544
1703 217.516 217999
1704 217.520 212205
1705 217.524 206236
1706 217.528 200228
1707 217.532 194568
1708 217.535 188896
1709 217.539 183325
1710 217.543 177923
1711 217.547 172964
1712 217.551 168050
1713 217.555 163525
1714 217.559 159153
1715 217.562 155317
1716 217.566 151869
1717 217.570 149278
1718 217.574 147287
1719 217.578 145956
1720 217.582 145113
1721 217.586 145133
1722 217.589 145772
1723 217.593 147326
1724 217.597 149508
1725 217.601 151984
1726 217.605 154696
1727 217.609 158160
1728 217.612 162269
1729 217.616 167633
1730 217.620 173664
1731 217.624 180215
1732 217.628 186871
1733 217.632 193986
1734 217.636 201205
1735 217.639 208434
1736 217.643 215599
1737 217.647 222896
1738 217.651 230197
1739 217.655 237255
1740 217.659 244247
1741 217.663 251197
1742 217.666 258232
1743 217.670 265362
1744 217.674 272269
1745 217.678 279222
1746 217.682 285582
1747 217.686 292043
1748 217.690 298182
1749 217.693 304118
1750 217.697 309473
1751 217.701 314919
1752 217.705 319645
1753 217.709 324120
1754 217.713 328184
1755 217.717 331931
1756 217.721 334926
1757 217.724 337812
1758 217.728 340444
1759 217.732 342753
1760 217.736 344467
1761 217.740 345745
1762 217.744 346696
1763 217.748 347679
1764 217.751 348186
1765 217.755 348168
1766 217.759 347752
1767 217.763 347025
1768 217.767 345446
1769 217.771 343902
1770 217.775 341652
1771 217.778 338895
1772 217.782 335805
1773 217.786 332386
1774 217.790 328529
1775 217.794 324570
1776 217.798 320483
1777 217.802 316323
1778 217.806 311668
1779 217.809 306992
1780 217.813 302234
1781 217.817 297571
1782 217.821 292534
1783 217.825 287588
1784 217.829 282043
1785 217.833 276448
1786 217.837 271023
1787 217.840 266018
1788 217.844 260818
1789 217.848 255084
1790 217.852 249374
1791 217.856 244371
1792 217.860 239432
1793 217.864 234605
1794 217.867 229231
1795 217.871 224082
1796 217.875 219092
1797 217.879 214318
1798 217.883 209802
1799 217.887 205492
1800 217.891 201437
1801 217.895 197682
1802 217.898 194094
1803 217.902 191071
1804 217.906 188431
1805 217.910 185883
1806 217.914 183682
1807 217.918 181844
1808 217.922 180093
1809 217.926 178715
1810 217.929 177450
1811 217.933 176466
1812 217.937 175631
1813 217.941 174845
1814 217.945 174202
1815 217.949 174064
1816 217.953 174208
1817 217.957 174161
1818 217.960 174279
1819 217.964 174928
1820 217.968 175658
1821 217.972 176517
1822 217.976 177426
1823 217.980 178771
1824 217.984 180181
1825 217.988 181696
1826 217.992 183327
1827 217.995 185275
1828 217.999 187158
1829 218.003 188862
1830 218.007 190741
1831 218.011 192834
1832 218.015 194787
1833 218.019 196948
1834 218.023 199154
1835 218.026 201607
1836 218.030 204285
1837 218.034 207197
1838 218.038 210063
1839 218.042 212913
1840 218.046 215818
1841 218.050 218661
1842 218.054 221436
1843 218.058 223939
1844 218.061 226186
1845 218.065 228415
1846 218.069 230532
1847 218.073 232638
1848 218.077 234678
1849 218.081 236662
1850 218.085 238686
1851 218.089 240775
1852 218.093 243193
1853 218.096 245711
1854 218.100 247957
1855 218.104 250096
1856 218.108 252369
1857 218.112 255192
1858 218.116 258011
1859 218.120 260836
1860 218.124 263518
1861 218.127 265941
1862 218.131 267928
1863 218.135 269798
1864 218.139 272027
1865 218.143 274385
1866 218.147 276438
1867 218.151 278405
1868 218.155 279975
1869 218.159 281495
1870 218.163 282776
1871 218.166 284026
1872 218.170 285392
1873 218.174 287054
1874 218.178 288802
1875 218.182 290869
1876 218.186 292642
1877 218.190 294669
1878 218.194 296590
1879 218.198 298749
1880 218.201 300919
1881 218.205 302860
1882 218.209 304452
1883 218.213 305671
1884 218.217 306248
1885 218.221 307312
1886 218.225 308347
1887 218.229 309424
1888 218.233 310780
1889 218.237 312352
1890 218.240 313760
1891 218.244 315601
1892 218.248 317464
1893 218.252 319378
1894 218.256 320897
1895 218.260 322364
1896 218.264 323109
1897 218.268 323977
1898 218.272 325547
1899 218.275 327550
1900 218.279 329123
1901 218.283 330214
1902 218.287 331164
1903 218.291 331832
1904 218.295 332839
1905 218.299 333821
1906 218.303 334929
1907 218.307 336324
1908 218.311 337300
1909 218.314 338395
1910 218.318 339219
1911 218.322 339817
1912 218.326 340367
1913 218.330 340824
1914 218.334 341280
1915 218.338 341791
1916 218.342 341901
1917 218.346 342217
1918 218.350 342098
1919 218.354 342011
1920 218.357 341807
1921 218.361 341688
1922 218.365 341319
1923 218.369 341163
1924 218.373 340711
1925 218.377 340378
1926 218.381 340212
1927 218.385 339843
1928 218.389 338903
1929 218.393 338280
1930 218.396 337535
1931 218.400 336655
1932 218.404 335605
1933 218.408 334390
1934 218.412 333059
1935 218.416 331807
1936 218.420 330217
1937 218.424 328609
1938 218.428 326430
1939 218.432 324636
1940 218.436 322601
1941 218.439 320776
1942 218.443 318929
1943 218.447 316664
1944 218.451 314291
1945 218.455 311917
1946 218.459 309443
1947 218.463 307223
1948 218.467 305165
1949 218.471 303378
1950 218.475 301721
1951 218.479 299891
1952 218.483 297666
1953 218.486 295428
1954 218.490 292668
1955 218.494 289568
1956 218.498 286146
1957 218.502 282760
1958 218.506 279233
1959 218.510 275906
1960 218.514 272281
1961 218.518 268670
1962 218.522 265092
1963 218.526 261481
1964 218.529 258107
1965 218.533 255370
1966 218.537 252422
1967 218.541 248998
1968 218.545 245693
1969 218.549 242540
1970 218.553 239378
1971 218.557 236153
1972 218.561 232653
1973 218.565 228968
1974 218.569 225097
1975 218.573 221260
1976 218.576 217296
1977 218.580 213405
1978 218.584 209587
1979 218.588 205617
1980 218.592 201238
1981 218.596 197507
1982 218.600 194023
1983 218.604 190946
1984 218.608 188297
1985 218.612 185780
1986 218.616 183363
1987 218.620 181040
1988 218.624 178558
1989 218.627 175718
1990 218.631 172487
1991 218.635 169464
1992 218.639 166507
1993 218.643 164063
1994 218.647 161768
1995 218.651 159273
1996 218.655 157072
1997 218.659 155257
1998 218.663 153103
1999 218.667 150893
2000 218.671 148826
2001 218.675 147170
2002 218.678 145917
2003 218.682 144890
2004 218.686 143815
2005 218.690 142766
2006 218.694 141782
2007 218.698 140786
2008 218.702 139943
2009 218.706 139431
2010 218.710 139110
2011 218.714 139084
2012 218.718 139201
2013 218.722 139627
2014 218.726 140220
2015 218.730 140799
2016 218.733 140993
2017 218.737 140646
2018 218.741 140597
2019 218.745 143220
2020 218.749 145657
2021 218.753 148127
2022 218.757 150832
2023 218.761 153642
2024 218.765 156557
2025 218.769 159625
2026 218.773 162833
2027 218.777 166549
2028 218.781 170781
2029 218.785 175382
2030 218.789 180311
2031 218.792 185799
2032 218.796 191619
2033 218.800 198026
2034 218.804 204834
2035 218.808 212197
2036 218.812 219462
2037 218.816 227044
2038 218.820 235060
2039 218.824 243580
2040 218.828 251795
2041 218.832 260493
2042 218.836 269350
2043 218.840 278247
2044 218.844 287155
2045 218.848 295752
2046 218.851 304003
2047 218.855 311848
2048 218.859 319237
2049 218.863 326606
2050 218.867 333578
2051 218.871 340584
2052 218.875 347158
2053 218.879 353230
2054 218.883 358821
2055 218.887 363790
2056 218.891 365295
2057 218.895 365640
2058 218.899 365012
2059 218.903 364932
2060 218.907 365808
2061 218.911 366262
2062 218.915 366079
2063 218.918 365568
2064 218.922 364328
2065 218.926 363829
2066 218.930 364729
2067 218.934 365027
2068 218.938 362391
2069 218.942 355211
2070 218.946 347798
2071 218.950 340467
2072 218.954 332140
2073 218.958 323656
2074 218.962 314025
2075 218.966 302869
2076 218.970 291929
2077 218.974 281781
2078 218.978 271542
2079 218.982 261296
2080 218.986 250810
2081 218.989 239070
2082 218.993 227749
2083 218.997 217067
2084 219.001 206513
2085 219.005 196256
2086 219.009 186371
2087 219.013 177399
2088 219.017 168677
2089 219.021 160915
2090 219.025 153960
2091 219.029 147578
2092 219.033 142231
2093 219.037 137943
2094 219.041 133759
2095 219.045 129826
2096 219.049 126284
2097 219.053 123063
2098 219.057 119955
2099 219.061 117554
2100 219.065 115620
2101 219.068 114049
2102 219.072 113193
2103 219.076 112813
2104 219.080 112857
2105 219.084 113185
2106 219.088 113580
2107 219.092 114456
2108 219.096 115900
2109 219.100 117934
2110 219.104 120876
2111 219.108 124769
2112 219.112 129505
2113 219.116 135139
2114 219.120 141710
2115 219.124 148809
2116 219.128 156315
2117 219.132 164358
2118 219.136 172752
2119 219.140 181381
2120 219.144 190503
2121 219.148 200267
2122 219.152 209931
2123 219.155 219835
2124 219.159 229621
2125 219.163 238729
2126 219.167 246945
2127 219.171 254167
2128 219.175 260074
2129 219.179 264864
2130 219.183 268376
2131 219.187 270711
2132 219.191 271886
2133 219.195 271622
2134 219.199 269534
2135 219.203 266265
2136 219.207 261241
2137 219.211 255026
2138 219.215 247810
2139 219.219 240505
2140 219.223 233205
2141 219.227 226293
2142 219.231 219941
2143 219.235 215137
2144 219.239 212121
2145 219.243 210555
2146 219.247 210304
2147 219.251 211477
2148 219.255 213761
2149 219.259 216813
2150 219.262 220787
2151 219.266 225835
2152 219.270 231531
2153 219.274 237388
2154 219.278 242476
2155 219.282 247253
2156 219.286 250916
2157 219.290 253759
2158 219.294 255215
2159 219.298 255599
2160 219.302 254500
2161 219.306 252516
2162 219.310 249004
2163 219.314 244109
2164 219.318 237618
2165 219.322 229527
2166 219.326 219826
2167 219.330 208990
2168 219.334 197144
2169 219.338 184781
2170 219.342 172627
2171 219.346 161245
2172 219.350 150387
2173 219.354 140205
2174 219.358 131112
2175 219.362 123151
2176 219.366 115721
2177 219.370 108992
2178 219.374 102899
2179 219.378 97514
2180 219.382 92977
2181 219.386 89163
2182 219.390 85926
2183 219.393 83321
2184 219.397 81309
2185 219.401 80027
2186 219.405 79205
2187 219.409 78524
2188 219.413 77966
2189 219.417 77312
2190 219.421 76773
2191 219.425 76392
2192 219.429 76325
2193 219.433 76660
2194 219.437 77156
2195 219.441 78105
2196 219.445 79838
2197 219.449 82163
2198 219.453 85214
2199 219.457 89080
2200 219.461 93592
2201 219.465 98903
2202 219.469 104603
2203 219.473 110573
2204 219.477 116671
2205 219.481 123201
2206 219.485 130218
2207 219.489 137867
2208 219.493 146383
2209 219.497 155679
2210 219.501 166490
2211 219.505 179307
2212 219.509 193227
2213 219.513 207537
2214 219.517 221926
2215 219.521 234934
2216 219.525 245916
2217 219.529 254016
2218 219.533 257984
2219 219.537 258638
2220 219.541 256835
2221 219.545 252880
2222 219.549 247188
2223 219.553 240203
2224 219.557 233051
2225 219.561 226605
2226 219.565 221098
2227 219.569 217132
2228 219.573 215200
2229 219.577 215604
2230 219.581 217999
2231 219.585 221967
2232 219.589 227202
2233 219.593 233427
2234 219.597 239837
2235 219.601 245716
2236 219.605 250200
2237 219.609 253327
2238 219.612 254296
2239 219.616 252683
2240 219.620 248229
2241 219.624 241043
2242 219.628 230858
2243 219.632 218512
2244 219.636 204823
2245 219.640 190141
2246 219.644 175171
2247 219.648 160649
2248 219.652 147065
2249 219.656 135034
2250 219.660 124977
2251 219.664 116864
2252 219.668 110235
2253 219.672 105082
2254 219.676 101367
2255 219.680 98815
2256 219.684 97219
2257 219.688 96962
2258 219.692 98254
2259 219.696 101558
2260 219.700 106743
2261 219.704 113828
2262 219.708 122739
2263 219.712 134544
2264 219.716 149462
2265 219.720 166811
2266 219.724 186309
2267 219.728 207316
2268 219.732 228084
2269 219.736 248356
2270 219.740 267258
2271 219.744 284668
2272 219.748 299429
2273 219.752 310840
2274 219.756 318982
2275 219.760 323817
2276 219.764 324668
2277 219.768 321888
2278 219.772 315018
2279 219.776 303970
2280 219.780 289219
2281 219.784 271201
2282 219.788 250577
2283 219.792 228879
2284 219.796 207367
2285 219.800 187315
2286 219.804 168789
2287 219.808 152982
2288 219.812 139703
2289 219.816 129272
2290 219.820 121357
2291 219.824 115840
2292 219.828 112343
2293 219.832 111191
2294 219.836 112346
2295 219.840 115735
2296 219.844 121694
2297 219.848 130012
2298 219.852 140647
2299 219.856 153874
2300 219.860 169782
2301 219.864 188125
2302 219.868 207791
2303 219.872 227233
2304 219.876 246017
2305 219.880 263867
2306 219.884 279774
2307 219.888 293132
2308 219.892 302649
2309 219.896 307310
2310 219.900 306610
2311 219.904 301785
2312 219.908 292466
2313 219.912 278931
2314 219.916 261634
2315 219.920 241291
2316 219.925 219008
2317 219.929 196995
2318 219.933 176082
2319 219.937 157091
2320 219.941 140494
2321 219.945 126571
2322 219.949 115293
2323 219.953 106480
2324 219.957 99875
2325 219.961 95336
2326 219.965 92807
2327 219.969 92616
2328 219.973 94224
2329 219.977 97943
2330 219.981 103714
2331 219.985 112204
2332 219.989 122820
2333 219.993 135475
2334 219.997 149739
2335 220.001 164840
2336 220.005 179760
2337 220.009 193035
2338 220.013 203641
2339 220.017 211411
2340 220.021 215759
2341 220.025 216742
2342 220.029 214167
2343 220.033 208819
2344 220.037 201527
2345 220.041 193661
2346 220.045 186879
2347 220.049 182540
2348 220.053 181165
2349 220.057 183160
2350 220.061 187704
2351 220.065 193374
2352 220.069 199222
2353 220.073 204127
2354 220.077 206713
2355 220.081 205738
2356 220.085 201221
2357 220.089 193105
2358 220.093 181299
2359 220.097 167076
2360 220.101 151221
2361 220.105 135021
2362 220.109 119643
2363 220.113 106246
2364 220.117 94705
2365 220.121 85179
2366 220.125 77482
2367 220.129 71483
2368 220.133 66896
2369 220.137 63444
2370 220.141 60920
2371 220.146 59342
2372 220.150 58391
2373 220.154 58450
2374 220.158 59186
2375 220.162 60735
2376 220.166 63085
2377 220.170 66681
2378 220.174 71411
2379 220.178 77744
2380 220.182 85794
2381 220.186 96421
2382 220.190 109600
2383 220.194 125193
2384 220.198 142645
2385 220.202 160687
2386 220.206 178197
2387 220.210 192789
2388 220.214 201980
2389 220.218 204092
2390 220.222 198529
2391 220.226 186724
2392 220.230 170551
2393 220.234 153937
2394 220.238 140844
2395 220.242 134275
2396 220.246 135219
2397 220.250 143430
2398 220.254 157658
2399 220.258 174543
2400 220.262 190036
2401 220.266 202238
2402 220.270 209478
2403 220.274 210397
2404 220.279 204442
2405 220.283 193449
2406 220.287 179028
2407 220.291 162211
2408 220.295 144787
2409 220.299 128364
2410 220.303 114220
2411 220.307 103000
2412 220.311 94653
2413 220.315 89247
2414 220.319 86676
2415 220.323 86773
2416 220.327 89574
2417 220.331 95586
2418 220.335 104869
2419 220.339 117620
2420 220.343 133885
2421 220.347 153594
2422 220.351 175491
2423 220.355 197765
2424 220.359 218548
2425 220.363 235694
2426 220.367 247541
2427 220.371 254178
2428 220.375 255247
2429 220.379 250960
2430 220.384 240711
2431 220.388 225066
2432 220.392 204899
2433 220.396 182500
2434 220.400 159844
2435 220.404 139301
2436 220.408 121976
2437 220.412 108766
2438 220.416 99241
2439 220.420 93309
2440 220.424 90690
2441 220.428 91520
2442 220.432 95771
2443 220.436 103888
2444 220.440 115691
2445 220.444 130986
2446 220.448 149034
2447 220.452 168505
2448 220.456 187296
2449 220.460 203555
2450 220.464 215484
2451 220.468 222504
2452 220.473 224312
2453 220.477 221258
2454 220.481 212249
2455 220.485 198028
2456 220.489 179490
2457 220.493 158592
2458 220.497 137584
2459 220.501 118271
2460 220.505 102170
2461 220.509 89421
2462 220.513 80003
2463 220.517 73680
2464 220.521 69908
2465 220.525 68857
2466 220.529 70303
2467 220.533 74543
2468 220.537 81536
2469 220.541 90880
2470 220.545 102726
2471 220.550 116393
2472 220.554 129850
2473 220.558 141501
2474 220.562 149648
2475 220.566 153661
2476 220.570 153134
2477 220.574 149692
2478 220.578 144093
2479 220.582 138128
2480 220.586 133903
2481 220.590 132905
2482 220.594 134975
2483 220.598 139230
2484 220.602 143549
2485 220.606 146316
2486 220.610 145960
2487 220.614 141851
2488 220.618 133404
2489 220.623 121763
2490 220.627 108176
2491 220.631 94365
2492 220.635 81328
2493 220.639 70157
2494 220.643 61137
2495 220.647 54087
2496 220.651 48755
2497 220.655 44861
2498 220.659 42478
2499 220.663 41018
2500 220.667 40617
2501 220.671 41277
2502 220.675 42861
2503 220.679 45631
2504 220.683 49757
2505 220.688 55528
2506 220.692 63219
2507 220.696 73119
2508 220.700 84980
2509 220.704 97982
2510 220.708 110875
2511 220.712 121913
2512 220.716 129842
2513 220.720 133874
2514 220.724 134208
2515 220.728 131220
2516 220.732 126299
2517 220.736 121687
2518 220.740 118884
2519 220.744 118843
2520 220.748 121578
2521 220.753 125472
2522 220.757 128701
2523 220.761 129616
2524 220.765 127377
2525 220.769 121817
2526 220.773 113046
2527 220.777 101858
2528 220.781 89977
2529 220.785 79001
2530 220.789 69851
2531 220.793 63216
2532 220.797 59058
2533 220.801 57480
2534 220.805 58243
2535 220.810 61797
2536 220.814 67815
2537 220.818 76365
2538 220.822 87150
2539 220.826 99770
2540 220.830 112353
2541 220.834 124140
2542 220.838 134561
2543 220.842 141908
2544 220.846 145306
2545 220.850 144215
2546 220.854 137718
2547 220.858 126158
2548 220.862 111758
2549 220.867 96985
2550 220.871 83451
2551 220.875 72631
2552 220.879 65025
2553 220.883 60481
2554 220.887 59020
2555 220.891 60314
2556 220.895 64582
2557 220.899 71778
2558 220.903 81765
2559 220.907 93925
2560 220.911 106453
2561 220.916 117663
2562 220.920 125971
2563 220.924 130484
2564 220.928 131037
2565 220.932 127325
2566 220.936 119017
2567 220.940 107148
2568 220.944 93363
2569 220.948 79659
2570 220.952 67800
2571 220.956 58509
2572 220.960 51810
2573 220.964 47614
2574 220.969 45886
2575 220.973 46227
2576 220.977 48805
2577 220.981 53524
2578 220.985 60207
2579 220.989 68088
2580 220.993 76204
2581 220.997 83181
2582 221.001 88074
2583 221.005 90113
2584 221.009 89761
2585 221.013 87426
2586 221.018 84162
2587 221.022 81628
2588 221.026 80936
2589 221.030 82020
2590 221.034 83730
2591 221.038 84563
2592 221.042 83347
2593 221.046 79982
2594 221.050 74161
2595 221.054 66446
2596 221.058 57706
2597 221.063 49369
2598 221.067 42105
2599 221.071 36646
2600 221.075 32521
2601 221.079 29508
2602 221.083 27578
2603 221.087 26765
2604 221.091 26595
2605 221.095 27297
2606 221.099 28897
2607 221.103 31614
2608 221.108 35443
2609 221.112 40707
2610 221.116 47206
2611 221.120 54938
2612 221.124 62833
2613 221.128 70045
2614 221.132 75499
2615 221.136 78386
2616 221.140 78566
2617 221.144 76947
2618 221.148 74598
2619 221.153 72946
2620 221.157 72722
2621 221.161 73944
2622 221.165 75235
2623 221.169 75472
2624 221.173 74074
2625 221.177 70828
2626 221.181 65357
2627 221.185 58482
2628 221.189 51505
2629 221.194 45090
2630 221.198 40454
2631 221.202 37619
2632 221.206 36518
2633 221.210 37221
2634 221.214 39878
2635 221.218 44414
2636 221.222 50687
2637 221.226 58228
2638 221.230 66010
2639 221.235 72871
2640 221.239 77615
2641 221.243 79531
2642 221.247 78580
2643 221.251 74739
2644 221.255 68236
2645 221.259 60079
2646 221.263 51992
2647 221.267 44828
2648 221.271 39339
2649 221.276 36212
2650 221.280 34909
2651 221.284 35416
2652 221.288 37737
2653 221.292 41909
2654 221.296 47325
2655 221.300 53532
2656 221.304 59400
2657 221.308 63944
2658 221.313 66084
2659 221.317 66038
2660 221.321 63265
2661 221.325 58030
2662 221.329 51117
2663 221.333 43731
2664 221.337 37320
2665 221.341 32187
2666 221.345 28706
2667 221.350 26734
2668 221.354 26158
2669 221.358 26929
2670 221.362 28797
2671 221.366 31833
2672 221.370 35793
2673 221.374 39825
2674 221.378 43198
2675 221.382 45432
2676 221.387 46098
2677 221.391 45565
2678 221.395 44024
2679 221.399 42628
2680 221.403 41903
2681 221.407 42002
2682 221.411 42280
2683 221.415 41961
2684 221.419 40670
2685 221.424 38218
2686 221.428 34641
2687 221.432 30299
2688 221.436 25886
2689 221.440 22175
2690 221.444 19294
2691 221.448 17102
2692 221.452 15692
2693 221.456 15017
2694 221.461 15033
2695 221.465 15514
2696 221.469 16668
2697 221.473 18459
2698 221.477 20795
2699 221.481 23629
2700 221.485 26991
2701 221.489 30567
2702 221.494 34034
2703 221.498 36629
2704 221.502 38004
2705 221.506 38056
2706 221.510 37272
2707 221.514 36260
2708 221.518 35692
2709 221.522 35564
2710 221.527 35890
2711 221.531 35953
2712 221.535 35173
2713 221.539 33302
2714 221.543 30447
2715 221.547 27300
2716 221.551 24438
2717 221.555 22040
2718 221.559 20425
2719 221.564 19806
2720 221.568 20245
2721 221.572 21597
2722 221.576 23650
2723 221.580 26417
2724 221.584 29690
2725 221.588 32942
2726 221.592 35479
2727 221.597 36573
2728 221.601 35931
2729 221.605 33654
2730 221.609 30339
2731 221.613 26784
2732 221.617 23732
2733 221.621 21501
2734 221.626 19830
2735 221.630 19282
2736 221.634 19706
2737 221.638 20997
2738 221.642 23071
2739 221.646 25749
2740 221.650 28555
2741 221.654 31015
2742 221.659 32532
2743 221.663 32759
2744 221.667 31463
2745 221.671 28853
2746 221.675 25578
2747 221.679 22130
2748 221.683 19114
2749 221.687 16855
2750 221.692 15693
2751 221.696 15334
2752 221.700 15709
2753 221.704 16658
2754 221.708 18413
2755 221.712 20514
2756 221.716 22486
2757 221.721 23986
2758 221.725 24673
2759 221.729 24521
2760 221.733 23770
2761 221.737 22933
2762 221.741 22282
2763 221.745 22034
2764 221.750 21816
2765 221.754 21199
2766 221.758 19952
2767 221.762 18148
2768 221.766 16063
2769 221.770 13764
2770 221.774 11776
2771 221.778 10302
2772 221.783 9176
2773 221.787 8606
2774 221.791 8517
2775 221.795 8772
2776 221.799 9438
2777 221.803 10453
2778 221.807 11760
2779 221.812 13334
2780 221.816 15123
2781 221.820 16953
2782 221.824 18639
2783 221.828 19908
2784 221.832 20481
2785 221.836 20422
2786 221.841 19992
2787 221.845 19677
2788 221.849 19598
2789 221.853 19597
2790 221.857 19361
2791 221.861 18730
2792 221.866 17443
2793 221.870 15637
2794 221.874 13823
2795 221.878 12399
2796 221.882 11427
2797 221.886 10966
2798 221.890 11005
2799 221.895 11707
2800 221.899 12759
2801 221.903 14148
2802 221.907 15688
2803 221.911 16897
2804 221.915 17660
2805 221.919 17507
2806 221.924 16507
2807 221.928 14921
2808 221.932 13134
2809 221.936 11441
2810 221.940 10113
2811 221.944 9276
2812 221.948 8952
2813 221.953 9090
2814 221.957 9529
2815 221.961 10335
2816 221.965 11326
2817 221.969 12257
2818 221.973 12741
2819 221.978 12791
2820 221.982 12135
2821 221.986 10956
2822 221.990 9498
2823 221.994 8122
2824 221.998 7010
2825 222.002 6212
2826 222.007 5899
2827 222.011 5834
2828 222.015 5983
2829 222.019 6476
2830 222.023 7038
2831 222.027 7715
2832 222.032 8074
2833 222.036 8325
2834 222.040 8244
2835 222.044 7898
2836 222.048 7587
2837 222.052 7307
2838 222.057 6974
2839 222.061 6669
2840 222.065 6216
2841 222.069 5494
2842 222.073 4816
2843 222.077 4119
2844 222.081 3381
2845 222.086 2842
2846 222.090 2508
2847 222.094 2150
2848 222.098 1989
2849 222.102 1987
2850 222.106 2026
2851 222.111 2257
2852 222.115 2491
2853 222.119 2903
2854 222.123 3377
2855 222.127 3844
2856 222.131 4219
2857 222.136 4389
2858 222.140 4352
2859 222.144 4226
2860 222.148 4072
2861 222.152 3937
2862 222.156 3863
2863 222.161 3677
2864 222.165 3382
2865 222.169 3150
2866 222.173 2949
2867 222.177 2789
2868 222.181 2343
2869 222.186 2056
2870 222.190 1909
2871 222.194 1915
2872 222.198 1865
2873 222.202 2059
2874 222.206 2315
2875 222.211 2554
2876 222.215 2754
2877 222.219 2781
2878 222.223 2689
2879 222.227 2398
2880 222.231 2072
2881 222.236 1794
2882 222.240 1614
2883 222.244 1502
2884 222.248 1399
2885 222.252 1435
2886 222.257 1518
2887 222.261 1554
2888 222.265 1626
2889 222.269 1685
2890 222.273 1699
2891 222.277 1600
2892 222.282 1381
2893 222.286 1253
2894 222.290 1068
2895 222.294 947
2896 222.298 892
2897 222.302 758
2898 222.307 703
2899 222.311 855
2900 222.315 943
2901 222.319 1011
2902 222.323 1006
2903 222.328 868
2904 222.332 768
2905 222.336 675
2906 222.340 591
2907 222.344 482
2908 222.348 434
2909 222.353 306
2910 222.357 241
2911 222.361 198
2912 222.365 52
2913 222.369 -90
2914 222.374 -94
2915 222.378 -114
2916 222.382 -143
2917 222.386 -108
2918 222.390 -207
2919 222.394 -276
2920 222.399 -242
2921 222.403 -184
2922 222.407 -175
2923 222.411 -166
2924 222.415 -194
2925 222.420 -136
2926 222.424 -156
2927 222.428 -261
2928 222.432 -275
2929 222.436 -376
2930 222.440 -312
2931 222.445 -192
2932 222.449 -131
2933 222.453 -82
2934 222.457 -265
2935 222.461 -242
2936 222.466 -115
2937 222.470 -144
2938 222.474 -65
2939 222.478 -156
2940 222.482 -190
2941 222.487 -182
2942 222.491 -212
2943 222.495 -219
2944 222.499 -170
2945 222.503 -172
2946 222.507 -103
2947 222.512 -59
2948 222.516 -85
2949 222.520 -118
2950 222.524 -181
2951 222.528 -212
2952 222.533 -238
2953 222.537 -213
2954 222.541 -224
2955 222.545 -318
2956 222.549 -384
2957 222.554 -308
2958 222.558 -198
2959 222.562 -116
2960 222.566 -147
2961 222.570 -125
2962 222.575 -174
2963 222.579 -156
2964 222.583 -74
2965 222.587 -140
2966 222.591 -250
2967 222.596 -273
2968 222.600 -225
2969 222.604 -281
2970 222.608 -370
2971 222.612 -402
2972 222.617 -517
2973 222.621 -553
2974 222.625 -536
2975 222.629 -542
2976 222.633 -543
2977 222.638 -498
2978 222.642 -461
2979 222.646 -480
2980 222.650 -562
2981 222.654 -494
2982 222.659 -421
2983 222.663 -428
2984 222.667 -499
2985 222.671 -564
2986 222.675 -586
2987 222.680 -657
2988 222.684 -648
2989 222.688 -684
2990 222.692 -705
2991 222.696 -704
2992 222.701 -811
2993 222.705 -769
2994 222.709 -629
2995 222.713 -597
2996 222.717 -566
2997 222.722 -442
2998 222.726 -372
2999 222.730 -400
3000 222.734 -494
3001 222.738 -462
3002 222.743 -481
3003 222.747 -467
3004 222.751 -408
3005 222.755 -496
3006 222.760 -535
3007 222.764 -506
3008 222.768 -496
3009 222.772 -499
3010 222.776 -525
3011 222.781 -523
3012 222.785 -566
3013 222.789 -656
3014 222.793 -651
3015 222.797 -637
3016 222.802 -595
3017 222.806 -497
3018 222.810 -434
3019 222.814 -454
3020 222.818 -460
3021 222.823 -478
3022 222.827 -505
3023 222.831 -569
3024 222.835 -667
3025 222.840 -688
3026 222.844 -606
3027 222.848 -639
3028 222.852 -618
3029 222.856 -653
3030 222.861 -728
3031 222.865 -563
3032 222.869 -715
3033 222.873 -750
3034 222.877 -724
3035 222.882 -707
3036 222.886 -734
3037 222.890 -734
3038 222.894 -700
3039 222.899 -657
3040 222.903 -630
3041 222.907 -677
3042 222.911 -653
3043 222.915 -612
3044 222.920 -787
3045 222.924 -758
3046 222.928 -810
3047 222.932 -840
3048 222.937 -836
3049 222.941 -840
3050 222.945 -760
3051 222.949 -719
3052 222.953 -782
3053 222.958 -758
3054 222.962 -796
3055 222.966 -844
3056 222.970 -896
3057 222.975 -937
3058 222.979 -976
3059 222.983 -906
3060 222.987 -916
3061 222.991 -894
3062 222.996 -932
3063 223.000 -918
3064 223.004 -987
3065 223.008 -962
3066 223.013 -833
3067 223.017 -731
3068 223.021 -849
3069 223.025 -878
3070 223.030 -786
3071 223.034 -851
3072 223.038 -863
3073 223.042 -846
3074 223.046 -864
3075 223.051 -967
3076 223.055 -888
3077 223.059 -884
3078 223.063 -998
3079 223.068 -995
3080 223.072 -911
3081 223.076 -916
3082 223.080 -995
3083 223.085 -986
3084 223.089 -912
3085 223.093 -842
3086 223.097 -940
3087 223.101 -875
3088 223.106 -857
3089 223.110 -999
3090 223.114 -1006
3091 223.118 -1007
3092 223.123 -1061
3093 223.127 -1013
3094 223.131 -917
3095 223.135 -826
3096 223.140 -893
3097 223.144 -995
3098 223.148 -974
3099 223.152 -920
3100 223.157 -996
3101 223.161 -989
3102 223.165 -956
3103 223.169 -948
3104 223.173 -929
3105 223.178 -1039
3106 223.182 -1073
3107 223.186 -1157
3108 223.190 -1092
3109 223.195 -1112
3110 223.199 -1069
3111 223.203 -1071
3112 223.207 -1133
3113 223.212 -1210
3114 223.216 -1207
3115 223.220 -1232
3116 223.224 -1217
3117 223.229 -1113
3118 223.233 -1124
3119 223.237 -1216
3120 223.241 -1141
3121 223.246 -1091
3122 223.250 -1183
3123 223.254 -1192
3124 223.258 -1108
3125 223.263 -1178
3126 223.267 -1226
3127 223.271 -1240
3128 223.275 -1340
3129 223.280 -1365
3130 223.284 -1394
3131 223.288 -1255
3132 223.292 -1185
3133 223.297 -1203
3134 223.301 -1175
3135 223.305 -1131
3136 223.309 -1103
3137 223.314 -1108
3138 223.318 -1146
3139 223.322 -1158
3140 223.326 -1178
3141 223.331 -1070
3142 223.335 -1114
3143 223.339 -1231
3144 223.343 -1181
3145 223.348 -1270
3146 223.352 -1203
3147 223.356 -1159
3148 223.360 -1155
3149 223.365 -1146
3150 223.369 -1288
3151 223.373 -1255
3152 223.377 -1160
3153 223.382 -1137
3154 223.386 -1111
3155 223.390 -1152
3156 223.394 -1198
3157 223.399 -1220
3158 223.403 -1218
3159 223.407 -1279
3160 223.411 -1198
3161 223.416 -1138
3162 223.420 -1117
3163 223.424 -1164
3164 223.428 -1349
3165 223.433 -1362
3166 223.437 -1318
3167 223.441 -1280
3168 223.445 -1315
3169 223.450 -1387
3170 223.454 -1325
3171 223.458 -1291
3172 223.462 -1279
3173 223.467 -1240
3174 223.471 -1227
3175 223.475 -1361
3176 223.479 -1335
3177 223.484 -1297
3178 223.488 -1195
3179 223.492 -1266
3180 223.497 -1239
3181 223.501 -1338
3182 223.505 -1247
3183 223.509 -1171
3184 223.514 -1185
3185 223.518 -1280
3186 223.522 -1355
3187 223.526 -1302
3188 223.531 -1279
3189 223.535 -1259
3190 223.539 -1252
3191 223.543 -1256
3192 223.548 -1246
3193 223.552 -1298
3194 223.556 -1300
3195 223.561 -1297
3196 223.565 -1231
3197 223.569 -1142
3198 223.573 -1214
3199 223.578 -1220
3200 223.582 -1082
3201 223.586 -1198
3202 223.590 -1251
3203 223.595 -1186
3204 223.599 -1167
3205 223.603 -1112
3206 223.607 -1121
3207 223.612 -1144
3208 223.616 -1330
3209 223.620 -1416
3210 223.625 -1355
3211 223.629 -1342
3212 223.633 -1201
3213 223.637 -1186
3214 223.642 -1154
3215 223.646 -1121
3216 223.650 -1056
3217 223.654 -1182
3218 223.659 -1261
3219 223.663 -1256
3220 223.667 -1177
3221 223.672 -1201
3222 223.676 -1256
3223 223.680 -1252
3224 223.684 -1247
3225 223.689 -1156
3226 223.693 -1157
3227 223.697 -1214
3228 223.701 -1293
3229 223.706 -1249
3230 223.710 -1158
3231 223.714 -1133
3232 223.719 -1169
3233 223.723 -1243
3234 223.727 -1207
3235 223.731 -1212
3236 223.736 -1289
3237 223.740 -1220
3238 223.744 -1160
3239 223.749 -1206
3240 223.753 -1189
3241 223.757 -1277
3242 223.761 -1229
3243 223.766 -1147
3244 223.770 -1128
3245 223.774 -1120
3246 223.779 -1244
3247 223.783 -1253
3248 223.787 -1209
3249 223.791 -1162
3250 223.796 -1147
3251 223.800 -1268
3252 223.804 -1229
3253 223.809 -1139
3254 223.813 -1130
3255 223.817 -1147
3256 223.821 -1156
3257 223.826 -1109
3258 223.830 -1070
3259 223.834 -1152
3260 223.839 -1176
3261 223.843 -1034
3262 223.847 -1010
3263 223.851 -1049
3264 223.856 -1100
3265 223.860 -1113
3266 223.864 -1177
3267 223.869 -1141
3268 223.873 -1173
3269 223.877 -1206
3270 223.881 -1127
3271 223.886 -1090
3272 223.890 -1132
3273 223.894 -1241
3274 223.899 -1221
3275 223.903 -1118
3276 223.907 -1128
3277 223.911 -1218
3278 223.916 -1305
3279 223.920 -1372
3280 223.924 -1277
3281 223.929 -1253
3282 223.933 -1258
3283 223.937 -1175
3284 223.941 -1097
3285 223.946 -1121
3286 223.950 -1067
3287 223.954 -1086
3288 223.959 -1112
3289 223.963 -1104
3290 223.967 -1215
3291 223.972 -1210
3292 223.976 -1161
3293 223.980 -1086
3294 223.984 -987
3295 223.989 -1050
3296 223.993 -1183
3297 223.997 -1107
3298 224.002 -1094
3299 224.006 -1213
3300 224.010 -1229
3301 224.015 -1280
3302 224.019 -1215
3303 224.023 -1171
3304 224.027 -1131
3305 224.032 -1065
3306 224.036 -1100
3307 224.040 -1189
3308 224.045 -1180
3309 224.049 -1199
3310 224.053 -1181
3311 224.058 -1100
3312 224.062 -1121
3313 224.066 -1123
3314 224.070 -1211
3315 224.075 -1272
3316 224.079 -1241
3317 224.083 -1217
3318 224.088 -1176
3319 224.092 -1193
3320 224.096 -1144
3321 224.101 -1198
3322 224.105 -1209
3323 224.109 -1179
3324 224.114 -1161
3325 224.118 -1165
3326 224.122 -1076
3327 224.126 -1109
3328 224.131 -1164
3329 224.135 -1275
3330 224.139 -1314
3331 224.144 -1265
3332 224.148 -1106
3333 224.152 -1044
3334 224.157 -1170
3335 224.161 -1247
3336 224.165 -1182
3337 224.170 -1107
3338 224.174 -1184
3339 224.178 -1134
3340 224.182 -1050
3341 224.187 -1036
3342 224.191 -1105
3343 224.195 -1186
3344 224.200 -1139
3345 224.204 -1050
3346 224.208 -982
3347 224.213 -1088
3348 224.217 -1047
3349 224.221 -1084
3350 224.226 -1060
3351 224.230 -1042
3352 224.234 -989
3353 224.239 -1018
3354 224.243 -1078
3355 224.247 -1152
3356 224.252 -1131
3357 224.256 -1040
3358 224.260 -1099
3359 224.264 -1061
3360 224.269 -1039
3361 224.273 -1076
3362 224.277 -1014
3363 224.282 -1103
3364 224.286 -1137
3365 224.290 -1015
3366 224.295 -1030
3367 224.299 -1071
3368 224.303 -1130
3369 224.308 -1132
3370 224.312 -1166
3371 224.316 -1081
3372 224.321 -1097
3373 224.325 -1164
3374 224.329 -1161
3375 224.334 -1154
3376 224.338 -1136
3377 224.342 -1118
3378 224.347 -1058
3379 224.351 -1130
3380 224.355 -1123
3381 224.360 -1060
3382 224.364 -1076
3383 224.368 -1107
3384 224.372 -1088
3385 224.377 -1000
3386 224.381 -1005
3387 224.385 -1038
3388 224.390 -1044
3389 224.394 -1047
3390 224.398 -1057
3391 224.403 -1004
3392 224.407 -963
3393 224.411 -973
3394 224.416 -985
3395 224.420 -1045
3396 224.424 -1146
3397 224.429 -1170
3398 224.433 -1159
3399 224.437 -1094
3400 224.442 -1181
3401 224.446 -1145
3402 224.450 -996
3403 224.455 -954
3404 224.459 -1083
3405 224.463 -1147
3406 224.468 -1112
3407 224.472 -1065
3408 224.476 -1066
3409 224.481 -1123
3410 224.485 -1108
3411 224.489 -1062
3412 224.494 -1105
3413 224.498 -1222
3414 224.502 -1189
3415 224.507 -1179
3416 224.511 -1071
3417 224.515 -989
3418 224.520 -999
3419 224.524 -1094
3420 224.528 -1133
3421 224.533 -1149
3422 224.537 -1065
3423 224.541 -1069
3424 224.546 -1061
3425 224.550 -1059
3426 224.554 -1045
3427 224.559 -1023
3428 224.563 -1031
3429 224.567 -1058
3430 224.572 -1134
3431 224.576 -1145
3432 224.580 -1117
3433 224.585 -1099
3434 224.589 -1087
3435 224.594 -1158
3436 224.598 -1148
3437 224.602 -1077
3438 224.607 -973
3439 224.611 -938
3440 224.615 -1038
3441 224.620 -1116
3442 224.624 -1127
3443 224.628 -1152
3444 224.633 -1080
3445 224.637 -948
3446 224.641 -1001
3447 224.646 -1074
3448 224.650 -1057
3449 224.654 -1130
3450 224.659 -1186
3451 224.663 -1223
3452 224.667 -1250
3453 224.672 -1172
3454 224.676 -1111
3455 224.680 -1071
3456 224.685 -1096
3457 224.689 -1100
3458 224.693 -1134
3459 224.698 -1057
3460 224.702 -942
3461 224.707 -880
3462 224.711 -896
3463 224.715 -939
3464 224.720 -980
3465 224.724 -900
3466 224.728 -907
3467 224.733 -893
3468 224.737 -1007
3469 224.741 -1029
3470 224.746 -960
3471 224.750 -972
3472 224.754 -967
3473 224.759 -961
3474 224.763 -1062
3475 224.767 -1035
3476 224.772 -1036
3477 224.776 -1080
3478 224.781 -1032
3479 224.785 -932
3480 224.789 -1019
3481 224.794 -1042
3482 224.798 -1036
3483 224.802 -917
3484 224.807 -945
3485 224.811 -970
3486 224.815 -875
3487 224.820 -996
3488 224.824 -1148
3489 224.828 -1073
3490 224.833 -1014
3491 224.837 -942
3492 224.842 -1000
3493 224.846 -1021
3494 224.850 -970
3495 224.855 -896
3496 224.859 -958
3497 224.863 -971
3498 224.868 -925
3499 224.872 -833
3500 224.876 -859
3501 224.881 -892
3502 224.885 -937
3503 224.889 -1028
3504 224.894 -976
3505 224.898 -986
3506 224.903 -1082
3507 224.907 -1069
3508 224.911 -1022
3509 224.916 -1079
3510 224.920 -1006
3511 224.924 -909
3512 224.929 -847
3513 224.933 -792
3514 224.938 -830
3515 224.942 -912
3516 224.946 -896
3517 224.951 -942
3518 224.955 -886
3519 224.959 -935
3520 224.964 -1101
3521 224.968 -1079
3522 224.972 -1067
3523 224.977 -1025
3524 224.981 -989
3525 224.986 -985
3526 224.990 -1037
3527 224.994 -1008
3528 224.999 -868
3529 225.003 -904
3530 225.007 -969
3531 225.012 -1002
3532 225.016 -987
3533 225.021 -898
3534 225.025 -884
3535 225.029 -979
3536 225.034 -917
3537 225.038 -803
3538 225.042 -841
3539 225.047 -896
3540 225.051 -884
3541 225.056 -867
3542 225.060 -926
3543 225.064 -918
3544 225.069 -909
3545 225.073 -943
3546 225.077 -868
3547 225.082 -960
3548 225.086 -1021
3549 225.091 -964
3550 225.095 -893
3551 225.099 -974
3552 225.104 -994
3553 225.108 -962
3554 225.112 -993
3555 225.117 -1005
3556 225.121 -872
3557 225.126 -844
3558 225.130 -854
3559 225.134 -872
3560 225.139 -893
3561 225.143 -955
3562 225.147 -958
3563 225.152 -898
3564 225.156 -886
3565 225.161 -863
3566 225.165 -839
3567 225.169 -859
3568 225.174 -907
3569 225.178 -961
3570 225.183 -921
3571 225.187 -765
3572 225.191 -788
3573 225.196 -921
3574 225.200 -946
3575 225.204 -959
3576 225.209 -928
3577 225.213 -875
3578 225.218 -795
3579 225.222 -856
3580 225.226 -968
3581 225.231 -924
3582 225.235 -880
3583 225.240 -921
3584 225.244 -858
3585 225.248 -933
3586 225.253 -906
3587 225.257 -956
3588 225.262 -881
3589 225.266 -837
3590 225.270 -887
3591 225.275 -949
3592 225.279 -1010
3593 225.284 -970
3594 225.288 -952
3595 225.292 -949
3596 225.297 -871
3597 225.301 -806
3598 225.305 -818
3599 225.310 -879
3600 225.314 -994
3601 225.319 -948
3602 225.323 -940
3603 225.327 -961
3604 225.332 -903
3605 225.336 -863
3606 225.341 -920
3607 225.345 -837
3608 225.349 -841
3609 225.354 -859
3610 225.358 -905
3611 225.363 -962
3612 225.367 -1018
3613 225.371 -1076
3614 225.376 -1082
3615 225.380 -920
3616 225.385 -874
3617 225.389 -930
3618 225.393 -918
3619 225.398 -885
3620 225.402 -964
3621 225.407 -977
3622 225.411 -963
3623 225.415 -1036
3624 225.420 -936
3625 225.424 -785
3626 225.429 -843
3627 225.433 -903
3628 225.437 -904
3629 225.442 -889
3630 225.446 -859
3631 225.451 -888
3632 225.455 -853
3633 225.459 -897
3634 225.464 -914
3635 225.468 -888
3636 225.473 -836
3637 225.477 -818
3638 225.481 -820
3639 225.486 -855
3640 225.490 -935
3641 225.495 -971
3642 225.499 -1009
3643 225.504 -1093
3644 225.508 -1105
3645 225.512 -996
3646 225.517 -868
3647 225.521 -995
3648 225.526 -984
