1 211.301 -69
2 211.305 -48
3 211.308 -38
4 211.312 0
5 211.315 30
6 211.319 40
7 211.322 80
8 211.325 102
9 211.329 127
10 211.332 121
11 211.336 89
12 211.339 63
13 211.343 73
14 211.346 -27
15 211.350 -5
16 211.353 -28
17 211.357 -21
18 211.360 -29
19 211.364 -63
20 211.367 -5
21 211.371 46
22 211.374 75
23 211.378 86
24 211.381 53
25 211.385 21
26 211.388 33
27 211.392 1
28 211.395 -10
29 211.398 -73
30 211.402 -41
31 211.405 -96
32 211.409 -221
33 211.412 -320
34 211.416 -288
35 211.419 -239
36 211.423 -301
37 211.426 -259
38 211.430 -244
39 211.433 -216
40 211.437 -312
41 211.440 -358
42 211.444 -370
43 211.447 -333
44 211.451 -320
45 211.454 -459
46 211.458 -472
47 211.461 -482
48 211.465 -442
49 211.468 -360
50 211.472 -285
51 211.475 -213
52 211.478 -311
53 211.482 -384
54 211.485 -346
55 211.489 -270
56 211.492 -314
57 211.496 -414
58 211.499 -512
59 211.503 -534
60 211.506 -461
61 211.510 -319
62 211.513 -268
63 211.517 -326
64 211.520 -333
65 211.524 -404
66 211.527 -333
67 211.531 -397
68 211.534 -442
69 211.538 -324
70 211.541 -312
71 211.545 -308
72 211.548 -309
73 211.552 -300
74 211.555 -158
75 211.559 -198
76 211.562 -282
77 211.566 -312
78 211.569 -330
79 211.573 -224
80 211.576 -241
81 211.580 -280
82 211.583 -202
83 211.587 -195
84 211.590 -247
85 211.593 -172
86 211.597 -241
87 211.600 -264
88 211.604 -154
89 211.607 -300
90 211.611 -385
91 211.614 -319
92 211.618 -297
93 211.621 -267
94 211.625 -224
95 211.628 -263
96 211.632 -264
97 211.635 -361
98 211.639 -373
99 211.642 -381
100 211.646 -431
101 211.649 -406
102 211.653 -357
103 211.656 -337
104 211.660 -397
105 211.663 -404
106 211.667 -360
107 211.670 -322
108 211.674 -220
109 211.677 -241
110 211.681 -307
111 211.684 -302
112 211.688 -310
113 211.691 -375
114 211.695 -256
115 211.698 -208
116 211.702 -235
117 211.705 -329
118 211.709 -403
119 211.712 -393
120 211.716 -352
121 211.719 -252
122 211.723 -252
123 211.726 -250
124 211.730 -312
125 211.733 -317
126 211.737 -331
127 211.740 -424
128 211.744 -413
129 211.747 -421
130 211.751 -389
131 211.754 -309
132 211.758 -329
133 211.761 -403
134 211.765 -385
135 211.768 -275
136 211.772 -231
137 211.775 -303
138 211.779 -279
139 211.782 -298
140 211.786 -367
141 211.789 -360
142 211.793 -286
143 211.796 -289
144 211.800 -362
145 211.803 -415
146 211.807 -474
147 211.810 -425
148 211.814 -438
149 211.817 -354
150 211.821 -316
151 211.824 -302
152 211.828 -260
153 211.831 -416
154 211.835 -376
155 211.838 -339
156 211.842 -402
157 211.845 -446
158 211.849 -374
159 211.852 -292
160 211.856 -254
161 211.859 -245
162 211.863 -356
163 211.866 -417
164 211.870 -381
165 211.873 -458
166 211.877 -431
167 211.880 -515
168 211.884 -373
169 211.887 -372
170 211.891 -333
171 211.894 -237
172 211.898 -286
173 211.901 -346
174 211.905 -265
175 211.908 -243
176 211.912 -336
177 211.915 -377
178 211.919 -312
179 211.922 -299
180 211.926 -335
181 211.929 -319
182 211.933 -259
183 211.936 -235
184 211.940 -234
185 211.943 -330
186 211.947 -402
187 211.950 -323
188 211.954 -410
189 211.957 -456
190 211.961 -410
191 211.964 -300
192 211.968 -324
193 211.971 -360
194 211.975 -253
195 211.978 -208
196 211.982 -282
197 211.985 -253
198 211.989 -220
199 211.992 -222
200 211.996 -367
201 211.999 -464
202 212.003 -463
203 212.006 65
204 212.010 789
205 212.013 143
206 212.017 -102
207 212.020 -224
208 212.024 -254
209 212.028 -323
210 212.031 -348
211 212.035 -331
212 212.038 -249
213 212.042 -225
214 212.045 -285
215 212.049 -336
216 212.052 -413
217 212.056 -388
218 212.059 -340
219 212.063 -379
220 212.066 -453
221 212.070 -489
222 212.073 -444
223 212.077 -367
224 212.080 -411
225 212.084 -350
226 212.087 -389
227 212.091 -313
228 212.094 -326
229 212.098 -339
230 212.101 -394
231 212.105 -389
232 212.108 -399
233 212.112 -462
234 212.115 -524
235 212.119 -540
236 212.122 -432
237 212.126 -413
238 212.129 -454
239 212.133 -401
240 212.136 -366
241 212.140 -436
242 212.144 -499
243 212.147 -433
244 212.151 -376
245 212.154 -352
246 212.158 -297
247 212.161 -335
248 212.165 -420
249 212.168 -432
250 212.172 -400
251 212.175 -395
252 212.179 -435
253 212.182 -464
254 212.186 -453
255 212.189 -328
256 212.193 -323
257 212.196 -373
258 212.200 -440
259 212.203 -475
260 212.207 -495
261 212.210 -405
262 212.214 -325
263 212.217 -294
264 212.221 -262
265 212.225 -304
266 212.228 -330
267 212.232 -329
268 212.235 -417
269 212.239 -402
270 212.242 -344
271 212.246 -313
272 212.249 -334
273 212.253 -440
274 212.256 -498
275 212.260 -483
276 212.263 -466
277 212.267 -423
278 212.270 -395
279 212.274 -396
280 212.277 -362
281 212.281 -370
282 212.284 -407
283 212.288 -363
284 212.291 -307
285 212.295 -305
286 212.299 -333
287 212.302 -226
288 212.306 -162
289 212.309 -282
290 212.313 -351
291 212.316 -400
292 212.320 -409
293 212.323 -472
294 212.327 -422
295 212.330 -396
296 212.334 -365
297 212.337 -318
298 212.341 -345
299 212.344 -286
300 212.348 -272
301 212.351 -333
302 212.355 -378
303 212.359 -386
304 212.362 -396
305 212.366 -421
306 212.369 -393
307 212.373 -344
308 212.376 -305
309 212.380 -350
310 212.383 -393
311 212.387 -355
312 212.390 -363
313 212.394 -469
314 212.397 -493
315 212.401 -406
316 212.404 -398
317 212.408 -454
318 212.412 -440
319 212.415 -475
320 212.419 -458
321 212.422 -388
322 212.426 -341
323 212.429 -279
324 212.433 -303
325 212.436 -275
326 212.440 -303
327 212.443 -322
328 212.447 -369
329 212.450 -444
330 212.454 -394
331 212.457 -383
332 212.461 -348
333 212.465 -326
334 212.468 -427
335 212.472 -474
336 212.475 -428
337 212.479 -419
338 212.482 -449
339 212.486 -396
340 212.489 -395
341 212.493 -355
342 212.496 -366
343 212.500 -432
344 212.503 -467
345 212.507 -480
346 212.511 -393
347 212.514 -362
348 212.518 -402
349 212.521 -445
350 212.525 -480
351 212.528 -550
352 212.532 -449
353 212.535 -372
354 212.539 -316
355 212.542 -337
356 212.546 -303
357 212.550 -353
358 212.553 -372
359 212.557 -284
360 212.560 -361
361 212.564 -456
362 212.567 -442
363 212.571 -453
364 212.574 -484
365 212.578 -439
366 212.581 -482
367 212.585 -446
368 212.588 -439
369 212.592 -441
370 212.596 -388
371 212.599 -400
372 212.603 -404
373 212.606 -395
374 212.610 -345
375 212.613 -345
376 212.617 -433
377 212.620 -334
378 212.624 -358
379 212.627 -335
380 212.631 -369
381 212.635 -424
382 212.638 -423
383 212.642 -381
384 212.645 -329
385 212.649 -462
386 212.652 -498
387 212.656 -460
388 212.659 -471
389 212.663 -483
390 212.667 -473
391 212.670 -440
392 212.674 -422
393 212.677 -388
394 212.681 -405
395 212.684 -493
396 212.688 -524
397 212.691 -448
398 212.695 -404
399 212.698 -354
400 212.702 -373
401 212.706 -364
402 212.709 -472
403 212.713 -481
404 212.716 -455
405 212.720 -473
406 212.723 -437
407 212.727 -364
408 212.730 -358
409 212.734 -376
410 212.738 -427
411 212.741 -395
412 212.745 -452
413 212.748 -421
414 212.752 -385
415 212.755 -365
416 212.759 -403
417 212.762 -387
418 212.766 -408
419 212.770 -456
420 212.773 -543
421 212.777 -533
422 212.780 -465
423 212.784 -463
424 212.787 -469
425 212.791 -371
426 212.794 -342
427 212.798 -354
428 212.802 -350
429 212.805 -263
430 212.809 -331
431 212.812 -422
432 212.816 -349
433 212.819 -374
434 212.823 -355
435 212.826 -342
436 212.830 -424
437 212.834 -472
438 212.837 -506
439 212.841 -374
440 212.844 -348
441 212.848 -473
442 212.851 -495
443 212.855 -499
444 212.858 -392
445 212.862 -467
446 212.866 -514
447 212.869 -554
448 212.873 -507
449 212.876 -493
450 212.880 -666
451 212.883 -835
452 212.887 -679
453 212.890 -614
454 212.894 -474
455 212.898 -361
456 212.901 -351
457 212.905 -433
458 212.908 -501
459 212.912 -536
460 212.915 -497
461 212.919 -432
462 212.923 -440
463 212.926 -477
464 212.930 -442
465 212.933 -471
466 212.937 -582
467 212.940 -578
468 212.944 -458
469 212.948 -482
470 212.951 -470
471 212.955 -420
472 212.958 -440
473 212.962 -417
474 212.965 -426
475 212.969 -491
476 212.972 -520
477 212.976 -510
478 212.980 -478
479 212.983 -524
480 212.987 -462
481 212.990 -421
482 212.994 -420
483 212.997 -421
484 213.001 -447
485 213.005 -447
486 213.008 -480
487 213.012 -415
488 213.015 -443
489 213.019 -409
490 213.022 -338
491 213.026 -403
492 213.030 -471
493 213.033 -479
494 213.037 -494
495 213.040 -563
496 213.044 -492
497 213.047 -503
498 213.051 -477
499 213.055 -444
500 213.058 -348
501 213.062 -415
502 213.065 -463
503 213.069 -408
504 213.072 -450
505 213.076 -544
506 213.080 -375
507 213.083 -408
508 213.087 -518
509 213.090 -491
510 213.094 -502
511 213.097 -541
512 213.101 -561
513 213.105 -486
514 213.108 -500
515 213.112 -497
516 213.115 -574
517 213.119 -562
518 213.122 -489
519 213.126 -503
520 213.130 -487
521 213.133 -445
522 213.137 -406
523 213.140 -437
524 213.144 -431
525 213.147 -389
526 213.151 -467
527 213.155 -432
528 213.158 -412
529 213.162 -484
530 213.165 -399
531 213.169 -365
532 213.173 -423
533 213.176 -429
534 213.180 -505
535 213.183 -498
536 213.187 -436
537 213.190 -396
538 213.194 -446
539 213.198 -517
540 213.201 -559
541 213.205 -390
542 213.208 -367
543 213.212 -347
544 213.215 -401
545 213.219 -459
546 213.223 -566
547 213.226 -539
548 213.230 -415
549 213.233 -372
550 213.237 -363
551 213.241 -343
552 213.244 -396
553 213.248 -318
554 213.251 -197
555 213.255 -247
556 213.258 -463
557 213.262 -467
558 213.266 -514
559 213.269 -409
560 213.273 -410
561 213.276 -519
562 213.280 -394
563 213.284 -389
564 213.287 -365
565 213.291 -374
566 213.294 -436
567 213.298 -538
568 213.301 -527
569 213.305 -406
570 213.309 -350
571 213.312 -453
572 213.316 -488
573 213.319 -455
574 213.323 -407
575 213.327 -429
576 213.330 -467
577 213.334 -384
578 213.337 -480
579 213.341 -563
580 213.345 -526
581 213.348 -424
582 213.352 -364
583 213.355 -326
584 213.359 -403
585 213.362 -439
586 213.366 -238
587 213.370 -356
588 213.373 -512
589 213.377 -488
590 213.380 -426
591 213.384 -434
592 213.388 -498
593 213.391 -439
594 213.395 -405
595 213.398 -488
596 213.402 -522
597 213.406 -409
598 213.409 -406
599 213.413 -486
600 213.416 -443
601 213.420 -478
602 213.423 -391
603 213.427 -399
604 213.431 -390
605 213.434 -452
606 213.438 -457
607 213.441 -402
608 213.445 -326
609 213.449 -439
610 213.452 -492
611 213.456 -456
612 213.459 -539
613 213.463 -520
614 213.467 -468
615 213.470 -373
616 213.474 -316
617 213.477 -358
618 213.481 -410
619 213.485 -435
620 213.488 -411
621 213.492 -407
622 213.495 -395
623 213.499 -384
624 213.503 -501
625 213.506 -515
626 213.510 -539
627 213.513 -541
628 213.517 -478
629 213.521 -509
630 213.524 -441
631 213.528 -403
632 213.531 -473
633 213.535 -450
634 213.539 -410
635 213.542 -474
636 213.546 -387
637 213.549 -311
638 213.553 -343
639 213.557 -287
640 213.560 -348
641 213.564 -442
642 213.567 -432
643 213.571 -489
644 213.575 -479
645 213.578 -495
646 213.582 -524
647 213.585 -537
648 213.589 -494
649 213.593 -486
650 213.596 -481
651 213.600 -502
652 213.603 -440
653 213.607 -394
654 213.611 -439
655 213.614 -453
656 213.618 -472
657 213.621 -397
658 213.625 -328
659 213.629 -331
660 213.632 -442
661 213.636 -399
662 213.639 -406
663 213.643 -461
664 213.647 -544
665 213.650 -504
666 213.654 -487
667 213.657 -524
668 213.661 -449
669 213.665 -445
670 213.668 -498
671 213.672 -543
672 213.676 -494
673 213.679 -436
674 213.683 -502
675 213.686 -463
676 213.690 -326
677 213.694 -420
678 213.697 -542
679 213.701 -561
680 213.704 -536
681 213.708 -529
682 213.712 -486
683 213.715 -459
684 213.719 -437
685 213.722 -425
686 213.726 -388
687 213.730 -433
688 213.733 -480
689 213.737 -429
690 213.740 -443
691 213.744 -484
692 213.748 -516
693 213.751 -524
694 213.755 -495
695 213.759 -481
696 213.762 -390
697 213.766 -476
698 213.769 -506
699 213.773 -544
700 213.777 -446
701 213.780 -450
702 213.784 -526
703 213.787 -542
704 213.791 -521
705 213.795 -508
706 213.798 -491
707 213.802 -528
708 213.806 -611
709 213.809 -535
710 213.813 -573
711 213.816 -580
712 213.820 -478
713 213.824 -426
714 213.827 -377
715 213.831 -413
716 213.834 -467
717 213.838 -473
718 213.842 -459
719 213.845 -442
720 213.849 -433
721 213.853 -420
722 213.856 -417
723 213.860 -433
724 213.863 -497
725 213.867 -495
726 213.871 -469
727 213.874 -421
728 213.878 -459
729 213.882 -560
730 213.885 -494
731 213.889 -517
732 213.892 -596
733 213.896 -558
734 213.900 -487
735 213.903 -442
736 213.907 -476
737 213.910 -400
738 213.914 -411
739 213.918 -403
740 213.921 -391
741 213.925 -476
742 213.929 -480
743 213.932 -392
744 213.936 -308
745 213.939 -358
746 213.943 -344
747 213.947 -434
748 213.950 -413
749 213.954 -368
750 213.958 -341
751 213.961 -357
752 213.965 -390
753 213.968 -474
754 213.972 -483
755 213.976 -438
756 213.979 -474
757 213.983 -453
758 213.987 -440
759 213.990 -477
760 213.994 -510
761 213.997 -460
762 214.001 -430
763 214.005 -525
764 214.008 -474
765 214.012 -492
766 214.016 -511
767 214.019 -484
768 214.023 -475
769 214.027 -495
770 214.030 -501
771 214.034 -534
772 214.037 -578
773 214.041 -526
774 214.045 -430
775 214.048 -365
776 214.052 -424
777 214.056 -488
778 214.059 -502
779 214.063 -381
780 214.066 -416
781 214.070 -428
782 214.074 -443
783 214.077 -470
784 214.081 -433
785 214.085 -344
786 214.088 -380
787 214.092 -460
788 214.095 -435
789 214.099 -2745
790 214.103 -5810
791 214.106 -2663
792 214.110 -1343
793 214.114 -844
794 214.117 -626
795 214.121 -523
796 214.125 -398
797 214.128 -426
798 214.132 -535
799 214.135 -489
800 214.139 -454
801 214.143 -415
802 214.146 -411
803 214.150 -404
804 214.154 -393
805 214.157 -409
806 214.161 -396
807 214.165 -474
808 214.168 -455
809 214.172 -340
810 214.175 -287
811 214.179 -370
812 214.183 -381
813 214.186 -398
814 214.190 -457
815 214.194 -484
816 214.197 -547
817 214.201 -509
818 214.205 -415
819 214.208 -454
820 214.212 -451
821 214.216 -437
822 214.219 -430
823 214.223 -417
824 214.226 -423
825 214.230 -389
826 214.234 -290
827 214.237 -281
828 214.241 -379
829 214.245 -385
830 214.248 -512
831 214.252 -462
832 214.256 -458
833 214.259 -444
834 214.263 -482
835 214.266 -493
836 214.270 -463
837 214.274 -415
838 214.277 -430
839 214.281 -485
840 214.285 -473
841 214.288 -455
842 214.292 -448
843 214.296 -408
844 214.299 -508
845 214.303 -528
846 214.307 -491
847 214.310 -506
848 214.314 -563
849 214.318 -517
850 214.321 -421
851 214.325 -466
852 214.328 -490
853 214.332 -449
854 214.336 -331
855 214.339 -393
856 214.343 -499
857 214.347 -448
858 214.350 -409
859 214.354 -389
860 214.358 -360
861 214.361 -464
862 214.365 -447
863 214.369 -391
864 214.372 -369
865 214.376 -420
866 214.380 -505
867 214.383 -569
868 214.387 -454
869 214.390 -340
870 214.394 -299
871 214.398 -318
872 214.401 -319
873 214.405 -356
874 214.409 -395
875 214.412 -427
876 214.416 -360
877 214.420 -325
878 214.423 -385
879 214.427 -421
880 214.431 -518
881 214.434 -506
882 214.438 -598
883 214.442 -635
884 214.445 -582
885 214.449 -605
886 214.453 -608
887 214.456 -515
888 214.460 -403
889 214.464 -397
890 214.467 -395
891 214.471 -522
892 214.475 -566
893 214.478 -559
894 214.482 -540
895 214.485 -441
896 214.489 -461
897 214.493 -529
898 214.496 -534
899 214.500 -462
900 214.504 -412
901 214.507 -459
902 214.511 -496
903 214.515 -449
904 214.518 -368
905 214.522 -417
906 214.526 -370
907 214.529 -389
908 214.533 -362
909 214.537 -426
910 214.540 -460
911 214.544 -454
912 214.548 -406
913 214.551 -445
914 214.555 -471
915 214.559 -471
916 214.562 -352
917 214.566 -299
918 214.570 -280
919 214.573 -351
920 214.577 -482
921 214.581 -483
922 214.584 -522
923 214.588 -448
924 214.592 -424
925 214.595 -378
926 214.599 -449
927 214.603 -492
928 214.606 -499
929 214.610 -517
930 214.614 -565
931 214.617 -567
932 214.621 -470
933 214.625 -482
934 214.628 -496
935 214.632 -461
936 214.636 -469
937 214.639 -416
938 214.643 -378
939 214.647 -382
940 214.650 -382
941 214.654 -410
942 214.658 -377
943 214.661 -375
944 214.665 -320
945 214.669 -241
946 214.672 -363
947 214.676 -353
948 214.680 -315
949 214.683 -288
950 214.687 -323
951 214.691 -356
952 214.694 -419
953 214.698 -472
954 214.702 -429
955 214.705 -434
956 214.709 -501
957 214.713 -435
958 214.716 -530
959 214.720 -471
960 214.724 -508
961 214.727 -502
962 214.731 -546
963 214.735 -603
964 214.738 -561
965 214.742 -456
966 214.746 -393
967 214.749 -418
968 214.753 -417
969 214.757 -377
970 214.760 -377
971 214.764 -364
972 214.768 -463
973 214.771 -463
974 214.775 -374
975 214.779 -351
976 214.782 -362
977 214.786 -381
978 214.790 -442
979 214.793 -480
980 214.797 -512
981 214.801 -456
982 214.804 -381
983 214.808 -314
984 214.812 -331
985 214.816 -415
986 214.819 -438
987 214.823 -392
988 214.827 -397
989 214.830 -318
990 214.834 -376
991 214.838 -377
992 214.841 -340
993 214.845 -367
994 214.849 -436
995 214.852 -520
996 214.856 -454
997 214.860 -305
998 214.863 -267
999 214.867 -363
1000 214.871 -465
1001 214.874 -411
1002 214.878 -357
1003 214.882 -366
1004 214.885 -388
1005 214.889 -318
1006 214.893 -353
1007 214.896 -437
1008 214.900 -412
1009 214.904 -232
1010 214.907 -196
1011 214.911 -296
1012 214.915 -343
1013 214.919 -364
1014 214.922 -302
1015 214.926 -316
1016 214.930 -333
1017 214.933 -373
1018 214.937 -264
1019 214.941 -263
1020 214.944 -314
1021 214.948 -309
1022 214.952 -288
1023 214.955 -283
1024 214.959 -370
1025 214.963 -361
1026 214.966 -321
1027 214.970 -352
1028 214.974 -367
1029 214.978 -238
1030 214.981 -222
1031 214.985 -263
1032 214.989 -228
1033 214.992 -167
1034 214.996 -176
1035 215.000 -202
1036 215.003 -202
1037 215.007 -206
1038 215.011 -69
1039 215.014 12
1040 215.018 23
1041 215.022 46
1042 215.025 -43
1043 215.029 -10
1044 215.033 -105
1045 215.037 -30
1046 215.040 56
1047 215.044 33
1048 215.048 8
1049 215.051 -24
1050 215.055 160
1051 215.059 155
1052 215.062 201
1053 215.066 167
1054 215.070 228
1055 215.073 508
1056 215.077 815
1057 215.081 1187
1058 215.085 1458
1059 215.088 1741
1060 215.092 2125
1061 215.096 2650
1062 215.099 3343
1063 215.103 4233
1064 215.107 5256
1065 215.110 6240
1066 215.114 6904
1067 215.118 7022
1068 215.121 6705
1069 215.125 6309
1070 215.129 5964
1071 215.133 5752
1072 215.136 5902
1073 215.140 6831
1074 215.144 8767
1075 215.147 12087
1076 215.151 16775
1077 215.155 22045
1078 215.158 27102
1079 215.162 31197
1080 215.166 33536
1081 215.170 33377
1082 215.173 31059
1083 215.177 27672
1084 215.181 24200
1085 215.184 21469
1086 215.188 19949
1087 215.192 20011
1088 215.195 22370
1089 215.199 27409
1090 215.203 35402
1091 215.207 45168
1092 215.210 54470
1093 215.214 62026
1094 215.218 66192
1095 215.221 66346
1096 215.225 62034
1097 215.229 54376
1098 215.232 45727
1099 215.236 37681
1100 215.240 31478
1101 215.244 27355
1102 215.247 25036
1103 215.251 24963
1104 215.255 27391
1105 215.258 32425
1106 215.262 39382
1107 215.266 46767
1108 215.269 52716
1109 215.273 56045
1110 215.277 56487
1111 215.281 55225
1112 215.284 54017
1113 215.288 54475
1114 215.292 57455
1115 215.295 61362
1116 215.299 64039
1117 215.303 63778
1118 215.307 59972
1119 215.310 53508
1120 215.314 45833
1121 215.318 38405
1122 215.321 32324
1123 215.325 27545
1124 215.329 23957
1125 215.333 21429
1126 215.336 20102
1127 215.340 19661
1128 215.344 20301
1129 215.347 22102
1130 215.351 25475
1131 215.355 31098
1132 215.358 38995
1133 215.362 48656
1134 215.366 58076
1135 215.370 65106
1136 215.373 68538
1137 215.377 68436
1138 215.381 66447
1139 215.384 64515
1140 215.388 64770
1141 215.392 67562
1142 215.396 71571
1143 215.399 74479
1144 215.403 74729
1145 215.407 71741
1146 215.410 65614
1147 215.414 57533
1148 215.418 49083
1149 215.422 41579
1150 215.425 36343
1151 215.429 33538
1152 215.433 33395
1153 215.436 36449
1154 215.440 43562
1155 215.444 55343
1156 215.448 71486
1157 215.451 90508
1158 215.455 108337
1159 215.459 121615
1160 215.462 129098
1161 215.466 130394
1162 215.470 124498
1163 215.474 112736
1164 215.477 97811
1165 215.481 82968
1166 215.485 70411
1167 215.488 61278
1168 215.492 56018
1169 215.496 54559
1170 215.500 57131
1171 215.503 65075
1172 215.507 78360
1173 215.511 96299
1174 215.515 115684
1175 215.518 132881
1176 215.522 145340
1177 215.526 151641
1178 215.529 150451
1179 215.533 141867
1180 215.537 126989
1181 215.541 109533
1182 215.544 92195
1183 215.548 76449
1184 215.552 63984
1185 215.555 55373
1186 215.559 50183
1187 215.563 48579
1188 215.567 51420
1189 215.570 58460
1190 215.574 69552
1191 215.578 83534
1192 215.582 97621
1193 215.585 108508
1194 215.589 114551
1195 215.593 115613
1196 215.596 112774
1197 215.600 108602
1198 215.604 106211
1199 215.608 107509
1200 215.611 112158
1201 215.615 118047
1202 215.619 121982
1203 215.623 122089
1204 215.626 116973
1205 215.630 107018
1206 215.634 94052
1207 215.637 80278
1208 215.641 67551
1209 215.645 56981
1210 215.649 48851
1211 215.652 42776
1212 215.656 38747
1213 215.660 36511
1214 215.664 35651
1215 215.667 36022
1216 215.671 37951
1217 215.675 41635
1218 215.678 47425
1219 215.682 56290
1220 215.686 67783
1221 215.690 81411
1222 215.693 95910
1223 215.697 108320
1224 215.701 116186
1225 215.705 119226
1226 215.708 117912
1227 215.712 114294
1228 215.716 111485
1229 215.720 111985
1230 215.723 115997
1231 215.727 122406
1232 215.731 128190
1233 215.734 130552
1234 215.738 128366
1235 215.742 121569
1236 215.746 110783
1237 215.749 98027
1238 215.753 85520
1239 215.757 74865
1240 215.761 67092
1241 215.764 62086
1242 215.768 60252
1243 215.772 61645
1244 215.776 66788
1245 215.779 76703
1246 215.783 91672
1247 215.787 111219
1248 215.790 133291
1249 215.794 155024
1250 215.798 173072
1251 215.802 185556
1252 215.805 191218
1253 215.809 189730
1254 215.813 180584
1255 215.817 165606
1256 215.820 146781
1257 215.824 127364
1258 215.828 109831
1259 215.832 96039
1260 215.835 86136
1261 215.839 80351
1262 215.843 78804
1263 215.847 81926
1264 215.850 90315
1265 215.854 104111
1266 215.858 122875
1267 215.862 145004
1268 215.865 167227
1269 215.869 186500
1270 215.873 200135
1271 215.877 207234
1272 215.880 206846
1273 215.884 199326
1274 215.888 185233
1275 215.891 166522
1276 215.895 145630
1277 215.899 125389
1278 215.903 107548
1279 215.906 93301
1280 215.910 82721
1281 215.914 75780
1282 215.918 72260
1283 215.921 72234
1284 215.925 76168
1285 215.929 84273
1286 215.933 95900
1287 215.936 109961
1288 215.940 124775
1289 215.944 137997
1290 215.948 147675
1291 215.951 152928
1292 215.955 153579
1293 215.959 150773
1294 215.963 146365
1295 215.966 142867
1296 215.970 142144
1297 215.974 144907
1298 215.978 149943
1299 215.981 155563
1300 215.985 159348
1301 215.989 160087
1302 215.993 156472
1303 215.996 148260
1304 216.000 136096
1305 216.004 121941
1306 216.008 106904
1307 216.011 92997
1308 216.015 80983
1309 216.019 71143
1310 216.023 63239
1311 216.026 57277
1312 216.030 52973
1313 216.034 49980
1314 216.038 48796
1315 216.041 48731
1316 216.045 50092
1317 216.049 53086
1318 216.053 57927
1319 216.056 65312
1320 216.060 75550
1321 216.064 88817
1322 216.068 103942
1323 216.071 119717
1324 216.075 134345
1325 216.079 146610
1326 216.083 154649
1327 216.087 158669
1328 216.090 158934
1329 216.094 156817
1330 216.098 153888
1331 216.102 152099
1332 216.105 152898
1333 216.109 156551
1334 216.113 162018
1335 216.117 167582
1336 216.120 171646
1337 216.124 172958
1338 216.128 170536
1339 216.132 164132
1340 216.135 154054
1341 216.139 141554
1342 216.143 128076
1343 216.147 115123
1344 216.150 103959
1345 216.154 95064
1346 216.158 88543
1347 216.162 85106
1348 216.165 84846
1349 216.169 87992
1350 216.173 94769
1351 216.177 105930
1352 216.180 121598
1353 216.184 141364
1354 216.188 164201
1355 216.192 187940
1356 216.196 210266
1357 216.199 229680
1358 216.203 244226
1359 216.207 253220
1360 216.211 255605
1361 216.214 251608
1362 216.218 241276
1363 216.222 226051
1364 216.226 207368
1365 216.229 187241
1366 216.233 167308
1367 216.237 149107
1368 216.241 133623
1369 216.244 121487
1370 216.248 113405
1371 216.252 109501
1372 216.256 109821
1373 216.260 114847
1374 216.263 124549
1375 216.267 138860
1376 216.271 157401
1377 216.275 179195
1378 216.278 201929
1379 216.282 224175
1380 216.286 243533
1381 216.290 258595
1382 216.293 268425
1383 216.297 272434
1384 216.301 269850
1385 216.305 261178
1386 216.309 246920
1387 216.312 228604
1388 216.316 207968
1389 216.320 186211
1390 216.324 164882
1391 216.327 145827
1392 216.331 129377
1393 216.335 115892
1394 216.339 105920
1395 216.343 99428
1396 216.346 96431
1397 216.350 96804
1398 216.354 100688
1399 216.358 107776
1400 216.361 118017
1401 216.365 130893
1402 216.369 145493
1403 216.373 160636
1404 216.376 174426
1405 216.380 186209
1406 216.384 195338
1407 216.388 200779
1408 216.392 202136
1409 216.395 200949
1410 216.399 197796
1411 216.403 193967
1412 216.407 191136
1413 216.410 190221
1414 216.414 191284
1415 216.418 194300
1416 216.422 198539
1417 216.426 202725
1418 216.429 206059
1419 216.433 207251
1420 216.437 204964
1421 216.441 199422
1422 216.444 190317
1423 216.448 178222
1424 216.452 164295
1425 216.456 149464
1426 216.460 134452
1427 216.463 120285
1428 216.467 107527
1429 216.471 96177
1430 216.475 86494
1431 216.478 78750
1432 216.482 72611
1433 216.486 68042
1434 216.490 64871
1435 216.494 62883
1436 216.497 62045
1437 216.501 62382
1438 216.505 63970
1439 216.509 66767
1440 216.513 71206
1441 216.516 77459
1442 216.520 86048
1443 216.524 96605
1444 216.528 108811
1445 216.531 122550
1446 216.535 136993
1447 216.539 151540
1448 216.543 164819
1449 216.547 176433
1450 216.550 185768
1451 216.554 192249
1452 216.558 195901
1453 216.562 197056
1454 216.566 196498
1455 216.569 195012
1456 216.573 193332
1457 216.577 192486
1458 216.581 193244
1459 216.584 195781
1460 216.588 199267
1461 216.592 203651
1462 216.596 208199
1463 216.600 211882
1464 216.603 213859
1465 216.607 213961
1466 216.611 211578
1467 216.615 206639
1468 216.619 199096
1469 216.622 189424
1470 216.626 178265
1471 216.630 166419
1472 216.634 154370
1473 216.638 142702
1474 216.641 132024
1475 216.645 123422
1476 216.649 116274
1477 216.653 111173
1478 216.656 108226
1479 216.660 107339
1480 216.664 109021
1481 216.668 113733
1482 216.672 121216
1483 216.675 131807
1484 216.679 145750
1485 216.683 162760
1486 216.687 182294
1487 216.691 203511
1488 216.694 225360
1489 216.698 246947
1490 216.702 267095
1491 216.706 285150
1492 216.710 300393
1493 216.713 312109
1494 216.717 320010
1495 216.721 323883
1496 216.725 323350
1497 216.729 318309
1498 216.732 309127
1499 216.736 296529
1500 216.740 281501
1501 216.744 265127
1502 216.748 246658
1503 216.751 228715
1504 216.755 211614
1505 216.759 196109
1506 216.763 182132
1507 216.767 170264
1508 216.770 160935
1509 216.774 154117
1510 216.778 149773
1511 216.782 148898
1512 216.786 151021
1513 216.789 156624
1514 216.793 165908
1515 216.797 178594
1516 216.801 194163
1517 216.805 212244
1518 216.808 231925
1519 216.812 252195
1520 216.816 272342
1521 216.820 291561
1522 216.824 308580
1523 216.827 323248
1524 216.831 334921
1525 216.835 343740
1526 216.839 349164
1527 216.843 350675
1528 216.846 348216
1529 216.850 342194
1530 216.854 332268
1531 216.858 319402
1532 216.862 304288
1533 216.865 288022
1534 216.869 270774
1535 216.873 253636
1536 216.877 236797
1537 216.881 220430
1538 216.885 204933
1539 216.888 190655
1540 216.892 177813
1541 216.896 166448
1542 216.900 156711
1543 216.904 148912
1544 216.907 142998
1545 216.911 139741
1546 216.915 138796
1547 216.919 140316
1548 216.923 143946
1549 216.926 149997
1550 216.930 158117
1551 216.934 167836
1552 216.938 178691
1553 216.942 190331
1554 216.945 201704
1555 216.949 212424
1556 216.953 222309
1557 216.957 231335
1558 216.961 238285
1559 216.965 243939
1560 216.968 248259
1561 216.972 251168
1562 216.976 252669
1563 216.980 253380
1564 216.984 253221
1565 216.987 252449
1566 216.991 251783
1567 216.995 251793
1568 216.999 252578
1569 217.003 254489
1570 217.006 257437
1571 217.010 260694
1572 217.014 263759
1573 217.018 266787
1574 217.022 269609
1575 217.026 271936
1576 217.029 272952
1577 217.033 272115
1578 217.037 269324
1579 217.041 265017
1580 217.045 259423
1581 217.048 252869
1582 217.052 245254
1583 217.056 237120
1584 217.060 228379
1585 217.064 219239
1586 217.068 209912
1587 217.071 200383
1588 217.075 190607
1589 217.079 181115
1590 217.083 171571
1591 217.087 162478
1592 217.090 153566
1593 217.094 144718
1594 217.098 136367
1595 217.102 128641
1596 217.106 121040
1597 217.110 114263
1598 217.113 108122
1599 217.117 102829
1600 217.121 98425
1601 217.125 94833
1602 217.129 92053
1603 217.133 90260
1604 217.136 89150
1605 217.140 88700
1606 217.144 88988
1607 217.148 90444
1608 217.152 92620
1609 217.155 95612
1610 217.159 99778
1611 217.163 105024
1612 217.167 111106
1613 217.171 118072
1614 217.175 126087
1615 217.178 135019
1616 217.182 144593
1617 217.186 154427
1618 217.190 164192
1619 217.194 174201
1620 217.198 183985
1621 217.201 193472
1622 217.205 202322
1623 217.209 210473
1624 217.213 217595
1625 217.217 224002
1626 217.221 229547
1627 217.224 234245
1628 217.228 238328
1629 217.232 241575
1630 217.236 244288
1631 217.240 247038
1632 217.244 249289
1633 217.247 251676
1634 217.251 254297
1635 217.255 256960
1636 217.259 260062
1637 217.263 263478
1638 217.267 266731
1639 217.270 270107
1640 217.274 273187
1641 217.278 276120
1642 217.282 278188
1643 217.286 279605
1644 217.290 280223
1645 217.293 280600
1646 217.297 279969
1647 217.301 278515
1648 217.305 275928
1649 217.309 272795
1650 217.313 269539
1651 217.316 266167
1652 217.320 262397
1653 217.324 258297
1654 217.328 254256
1655 217.332 250575
1656 217.336 247161
1657 217.339 243885
1658 217.343 240286
1659 217.347 236267
1660 217.351 231572
1661 217.355 226919
1662 217.359 221894
1663 217.362 216837
1664 217.366 211658
1665 217.370 206336
1666 217.374 200771
1667 217.378 195319
1668 217.382 189694
1669 217.385 184110
1670 217.389 178360
1671 217.393 172949
1672 217.397 168410
1673 217.401 164345
1674 217.405 160956
1675 217.409 157981
1676 217.412 155628
1677 217.416 154192
1678 217.420 153325
1679 217.424 153376
1680 217.428 154279
1681 217.432 156315
1682 217.435 159275
1683 217.439 163431
1684 217.443 167892
1685 217.447 171486
1686 217.451 173252
1687 217.455 175012
1688 217.458 177715
1689 217.462 182870
1690 217.466 191457
1691 217.470 202402
1692 217.474 213401
1693 217.478 225076
1694 217.482 237277
1695 217.485 249150
1696 217.489 260282
1697 217.493 270704
1698 217.497 279648
1699 217.501 288055
1700 217.505 295822
1701 217.508 303098
1702 217.512 309617
1703 217.516 315938
1704 217.520 321921
1705 217.524 327522
1706 217.528 332370
1707 217.532 336865
1708 217.535 340292
1709 217.539 342824
1710 217.543 344770
1711 217.547 346154
1712 217.551 346951
1713 217.555 347426
1714 217.559 347255
1715 217.562 346735
1716 217.566 345818
1717 217.570 344614
1718 217.574 342527
1719 217.578 339824
1720 217.582 336569
1721 217.586 332858
1722 217.589 328717
1723 217.593 324043
1724 217.597 318556
1725 217.601 312661
1726 217.605 306152
1727 217.609 299610
1728 217.612 292998
1729 217.616 286426
1730 217.620 279642
1731 217.624 272766
1732 217.628 266086
1733 217.632 260118
1734 217.636 254293
1735 217.639 248670
1736 217.643 243476
1737 217.647 238243
1738 217.651 232805
1739 217.655 227542
1740 217.659 222165
1741 217.663 217166
1742 217.666 212801
1743 217.670 209016
1744 217.674 205569
1745 217.678 202589
1746 217.682 200304
1747 217.686 198600
1748 217.690 197552
1749 217.693 197298
1750 217.697 197676
1751 217.701 198687
1752 217.705 199894
1753 217.709 201286
1754 217.713 203143
1755 217.717 205542
1756 217.721 208129
1757 217.724 211237
1758 217.728 214714
1759 217.732 218334
1760 217.736 222185
1761 217.740 226221
1762 217.744 230630
1763 217.748 235099
1764 217.751 239833
1765 217.755 245038
1766 217.759 249729
1767 217.763 254255
1768 217.767 258868
1769 217.771 263523
1770 217.775 268337
1771 217.778 273378
1772 217.782 278757
1773 217.786 284116
1774 217.790 289239
1775 217.794 294434
1776 217.798 299589
1777 217.802 304780
1778 217.806 309746
1779 217.809 314953
1780 217.813 319962
1781 217.817 325183
1782 217.821 329655
1783 217.825 334135
1784 217.829 338307
1785 217.833 342489
1786 217.837 346241
1787 217.840 350302
1788 217.844 353821
1789 217.848 357183
1790 217.852 360400
1791 217.856 363457
1792 217.860 365922
1793 217.864 366700
1794 217.867 367108
1795 217.871 367495
1796 217.875 367045
1797 217.879 366585
1798 217.883 367295
1799 217.887 367799
1800 217.891 366977
1801 217.895 366692
1802 217.898 366851
1803 217.902 366818
1804 217.906 366342
1805 217.910 366521
1806 217.914 366734
1807 217.918 366532
1808 217.922 365832
1809 217.926 364814
1810 217.929 365517
1811 217.933 366242
1812 217.937 366702
1813 217.941 366575
1814 217.945 365702
1815 217.949 363906
1816 217.953 360896
1817 217.957 357724
1818 217.960 354222
1819 217.964 350866
1820 217.968 347121
1821 217.972 343240
1822 217.976 339099
1823 217.980 335176
1824 217.984 330995
1825 217.988 327035
1826 217.992 322843
1827 217.995 318479
1828 217.999 314052
1829 218.003 309980
1830 218.007 305586
1831 218.011 300828
1832 218.015 295927
1833 218.019 291209
1834 218.023 286692
1835 218.026 282211
1836 218.030 277991
1837 218.034 273932
1838 218.038 269758
1839 218.042 266057
1840 218.046 262137
1841 218.050 258242
1842 218.054 254076
1843 218.058 250194
1844 218.061 246066
1845 218.065 241691
1846 218.069 237403
1847 218.073 233215
1848 218.077 229077
1849 218.081 224726
1850 218.085 220304
1851 218.089 216496
1852 218.093 213138
1853 218.096 210095
1854 218.100 207142
1855 218.104 204315
1856 218.108 201320
1857 218.112 198630
1858 218.116 196355
1859 218.120 194101
1860 218.124 191907
1861 218.127 189573
1862 218.131 187381
1863 218.135 185360
1864 218.139 183252
1865 218.143 181177
1866 218.147 178963
1867 218.151 176746
1868 218.155 174648
1869 218.159 172676
1870 218.163 170808
1871 218.166 168965
1872 218.170 167033
1873 218.174 165286
1874 218.178 163566
1875 218.182 161919
1876 218.186 160352
1877 218.190 158996
1878 218.194 158203
1879 218.198 157535
1880 218.201 156607
1881 218.205 155702
1882 218.209 154636
1883 218.213 153605
1884 218.217 152527
1885 218.221 151441
1886 218.225 150203
1887 218.229 149036
1888 218.233 148051
1889 218.237 147233
1890 218.240 146246
1891 218.244 145646
1892 218.248 145098
1893 218.252 144818
1894 218.256 144564
1895 218.260 143940
1896 218.264 143157
1897 218.268 142613
1898 218.272 142076
1899 218.275 141674
1900 218.279 141201
1901 218.283 141012
1902 218.287 140673
1903 218.291 140398
1904 218.295 140128
1905 218.299 139827
1906 218.303 139647
1907 218.307 139694
1908 218.311 139512
1909 218.314 139165
1910 218.318 139261
1911 218.322 139487
1912 218.326 139478
1913 218.330 139603
1914 218.334 139325
1915 218.338 139038
1916 218.342 138937
1917 218.346 139037
1918 218.350 139000
1919 218.354 139113
1920 218.357 139245
1921 218.361 139251
1922 218.365 139127
1923 218.369 139078
1924 218.373 139049
1925 218.377 139100
1926 218.381 139277
1927 218.385 139666
1928 218.389 139936
1929 218.393 140312
1930 218.396 140721
1931 218.400 140971
1932 218.404 141115
1933 218.408 141418
1934 218.412 141862
1935 218.416 142357
1936 218.420 142974
1937 218.424 143631
1938 218.428 144147
1939 218.432 144607
1940 218.436 145161
1941 218.439 145546
1942 218.443 146058
1943 218.447 146768
1944 218.451 147588
1945 218.455 148538
1946 218.459 149558
1947 218.463 150463
1948 218.467 151156
1949 218.471 152065
1950 218.475 153165
1951 218.479 154344
1952 218.483 155614
1953 218.486 156905
1954 218.490 158102
1955 218.494 159304
1956 218.498 160398
1957 218.502 161551
1958 218.506 162854
1959 218.510 164445
1960 218.514 166000
1961 218.518 167959
1962 218.522 169968
1963 218.526 171877
1964 218.529 174070
1965 218.533 176316
1966 218.537 178450
1967 218.541 180823
1968 218.545 183446
1969 218.549 186350
1970 218.553 189425
1971 218.557 192674
1972 218.561 195918
1973 218.565 199016
1974 218.569 202054
1975 218.573 204903
1976 218.576 207989
1977 218.580 211167
1978 218.584 214578
1979 218.588 218300
1980 218.592 222149
1981 218.596 225799
1982 218.600 229876
1983 218.604 234238
1984 218.608 238743
1985 218.612 243643
1986 218.616 249291
1987 218.620 254878
1988 218.624 260492
1989 218.627 266301
1990 218.631 271620
1991 218.635 276825
1992 218.639 281812
1993 218.643 286858
1994 218.647 291998
1995 218.651 297140
1996 218.655 302902
1997 218.659 309263
1998 218.663 315567
1999 218.667 321620
2000 218.671 327448
2001 218.675 333422
2002 218.678 339317
2003 218.682 345300
2004 218.686 351090
2005 218.690 357155
2006 218.694 363562
2007 218.698 366983
2008 218.702 366715
2009 218.706 365824
2010 218.710 365773
2011 218.714 366297
2012 218.718 366492
2013 218.722 366820
2014 218.726 366789
2015 218.730 366886
2016 218.733 366610
2017 218.737 362439
2018 218.741 357389
2019 218.745 362906
2020 218.749 364425
2021 218.753 365955
2022 218.757 366920
2023 218.761 366828
2024 218.765 366472
2025 218.769 364933
2026 218.773 362596
2027 218.777 365015
2028 218.781 366014
2029 218.785 366385
2030 218.789 366587
2031 218.792 366539
2032 218.796 366380
2033 218.800 366246
2034 218.804 366143
2035 218.808 366579
2036 218.812 366467
2037 218.816 366500
2038 218.820 366558
2039 218.824 366610
2040 218.828 366763
2041 218.832 365366
2042 218.836 357103
2043 218.840 348538
2044 218.844 339163
2045 218.848 329875
2046 218.851 320498
2047 218.855 310589
2048 218.859 300345
2049 218.863 290087
2050 218.867 279978
2051 218.871 269473
2052 218.875 259123
2053 218.879 249397
2054 218.883 239634
2055 218.887 230669
2056 218.891 222103
2057 218.895 214065
2058 218.899 206258
2059 218.903 198481
2060 218.907 190668
2061 218.911 183438
2062 218.915 176343
2063 218.918 170029
2064 218.922 164902
2065 218.926 160553
2066 218.930 156782
2067 218.934 153296
2068 218.938 149982
2069 218.942 146820
2070 218.946 144250
2071 218.950 141954
2072 218.954 139950
2073 218.958 138399
2074 218.962 137426
2075 218.966 137231
2076 218.970 138286
2077 218.974 140216
2078 218.978 142748
2079 218.982 145390
2080 218.986 148026
2081 218.989 150585
2082 218.993 153407
2083 218.997 156862
2084 219.001 161266
2085 219.005 166610
2086 219.009 172824
2087 219.013 180183
2088 219.017 188440
2089 219.021 197333
2090 219.025 206524
2091 219.029 216615
2092 219.033 227602
2093 219.037 239433
2094 219.041 252006
2095 219.045 265554
2096 219.049 279543
2097 219.053 293818
2098 219.057 307642
2099 219.061 321257
2100 219.065 334166
2101 219.068 346081
2102 219.072 356490
2103 219.076 364975
2104 219.080 365330
2105 219.084 366323
2106 219.088 366668
2107 219.092 366535
2108 219.096 366255
2109 219.100 366043
2110 219.104 366021
2111 219.108 366310
2112 219.112 366600
2113 219.116 366482
2114 219.120 365897
2115 219.124 366505
2116 219.128 366683
2117 219.132 366219
2118 219.136 365597
2119 219.140 356289
2120 219.144 343237
2121 219.148 328860
2122 219.152 313435
2123 219.155 297461
2124 219.159 281215
2125 219.163 265051
2126 219.167 249112
2127 219.171 233714
2128 219.175 218745
2129 219.179 205004
2130 219.183 192303
2131 219.187 180488
2132 219.191 169994
2133 219.195 160391
2134 219.199 151723
2135 219.203 143683
2136 219.207 136382
2137 219.211 130049
2138 219.215 124292
2139 219.219 119424
2140 219.223 115645
2141 219.227 112928
2142 219.231 111033
2143 219.235 110494
2144 219.239 111062
2145 219.243 112289
2146 219.247 113967
2147 219.251 115992
2148 219.255 118358
2149 219.259 121209
2150 219.262 124869
2151 219.266 129696
2152 219.270 135590
2153 219.274 142545
2154 219.278 150509
2155 219.282 159494
2156 219.286 169381
2157 219.290 179916
2158 219.294 190869
2159 219.298 201874
2160 219.302 212528
2161 219.306 222872
2162 219.310 232824
2163 219.314 242197
2164 219.318 250842
2165 219.322 258567
2166 219.326 265005
2167 219.330 269941
2168 219.334 273141
2169 219.338 275367
2170 219.342 275745
2171 219.346 274130
2172 219.350 270488
2173 219.354 265766
2174 219.358 259699
2175 219.362 253209
2176 219.366 246312
2177 219.370 239917
2178 219.374 234332
2179 219.378 229816
2180 219.382 226822
2181 219.386 225761
2182 219.390 225700
2183 219.393 227672
2184 219.397 230994
2185 219.401 235559
2186 219.405 240685
2187 219.409 246314
2188 219.413 251658
2189 219.417 256636
2190 219.421 260562
2191 219.425 263414
2192 219.429 264871
2193 219.433 264416
2194 219.437 261686
2195 219.441 256681
2196 219.445 249505
2197 219.449 240742
2198 219.453 230306
2199 219.457 218616
2200 219.461 206134
2201 219.465 193262
2202 219.469 179785
2203 219.473 166660
2204 219.477 153174
2205 219.481 140101
2206 219.485 127666
2207 219.489 116556
2208 219.493 106605
2209 219.497 97953
2210 219.501 91055
2211 219.505 85961
2212 219.509 82291
2213 219.513 79695
2214 219.517 78053
2215 219.521 76945
2216 219.525 75901
2217 219.529 75116
2218 219.533 74587
2219 219.537 74250
2220 219.541 74215
2221 219.545 74471
2222 219.549 74818
2223 219.553 75508
2224 219.557 76743
2225 219.561 78590
2226 219.565 81191
2227 219.569 84588
2228 219.573 88904
2229 219.577 94565
2230 219.581 101081
2231 219.585 109054
2232 219.589 118226
2233 219.593 128674
2234 219.597 140382
2235 219.601 153186
2236 219.605 166692
2237 219.609 180808
2238 219.612 194859
2239 219.616 208158
2240 219.620 220510
2241 219.624 231239
2242 219.628 239614
2243 219.632 245278
2244 219.636 248508
2245 219.640 249843
2246 219.644 248766
2247 219.648 245754
2248 219.652 240797
2249 219.656 234477
2250 219.660 228134
2251 219.664 222795
2252 219.668 218606
2253 219.672 216295
2254 219.676 216191
2255 219.680 217236
2256 219.684 220024
2257 219.688 224885
2258 219.692 231027
2259 219.696 238181
2260 219.700 245573
2261 219.704 251022
2262 219.708 254271
2263 219.712 256655
2264 219.716 256527
2265 219.720 253328
2266 219.724 246769
2267 219.728 236961
2268 219.732 224333
2269 219.736 210083
2270 219.740 195106
2271 219.744 180036
2272 219.748 165655
2273 219.752 152736
2274 219.756 141261
2275 219.760 131805
2276 219.764 124411
2277 219.768 118880
2278 219.772 115190
2279 219.776 113164
2280 219.780 112834
2281 219.784 114520
2282 219.788 117903
2283 219.792 123181
2284 219.796 130709
2285 219.800 140703
2286 219.804 153167
2287 219.808 168280
2288 219.812 185984
2289 219.816 206121
2290 219.820 228062
2291 219.824 251219
2292 219.828 274112
2293 219.832 296037
2294 219.836 316060
2295 219.840 333389
2296 219.844 347115
2297 219.848 355993
2298 219.852 359546
2299 219.856 358387
2300 219.860 352542
2301 219.864 342984
2302 219.868 328950
2303 219.872 310885
2304 219.876 290284
2305 219.880 268623
2306 219.884 246134
2307 219.888 224208
2308 219.892 203490
2309 219.896 184707
2310 219.900 168255
2311 219.904 154906
2312 219.908 144238
2313 219.912 136641
2314 219.916 131992
2315 219.920 130001
2316 219.925 130666
2317 219.929 134358
2318 219.933 140934
2319 219.937 150862
2320 219.941 163945
2321 219.945 180279
2322 219.949 199245
2323 219.953 220665
2324 219.957 243003
2325 219.961 265282
2326 219.965 286328
2327 219.969 305037
2328 219.973 319884
2329 219.977 330676
2330 219.981 336685
2331 219.985 338639
2332 219.989 335179
2333 219.993 327082
2334 219.997 314299
2335 220.001 297191
2336 220.005 275954
2337 220.009 252102
2338 220.013 227031
2339 220.017 202324
2340 220.021 179745
2341 220.025 159945
2342 220.029 143414
2343 220.033 129877
2344 220.037 119517
2345 220.041 111913
2346 220.045 106795
2347 220.049 104164
2348 220.053 103999
2349 220.057 106190
2350 220.061 110718
2351 220.065 117808
2352 220.069 127396
2353 220.073 139325
2354 220.077 153197
2355 220.081 168027
2356 220.085 183342
2357 220.089 197629
2358 220.093 209643
2359 220.097 219011
2360 220.101 224663
2361 220.105 226759
2362 220.109 225591
2363 220.113 221825
2364 220.117 215594
2365 220.121 208624
2366 220.125 202311
2367 220.129 197870
2368 220.133 196648
2369 220.137 198530
2370 220.141 202704
2371 220.146 208665
2372 220.150 214375
2373 220.154 218673
2374 220.158 220205
2375 220.162 218302
2376 220.166 212310
2377 220.170 202806
2378 220.174 189610
2379 220.178 173826
2380 220.182 156778
2381 220.186 139743
2382 220.190 123741
2383 220.194 109945
2384 220.198 98659
2385 220.202 89154
2386 220.206 81471
2387 220.210 75089
2388 220.214 69351
2389 220.218 64305
2390 220.222 59720
2391 220.226 55947
2392 220.230 52918
2393 220.234 51661
2394 220.238 52702
2395 220.242 56254
2396 220.246 62775
2397 220.250 72587
2398 220.254 85249
2399 220.258 99968
2400 220.262 117291
2401 220.266 136734
2402 220.270 157527
2403 220.274 178031
2404 220.279 196190
2405 220.283 211012
2406 220.287 221860
2407 220.291 227853
2408 220.295 229172
2409 220.299 226062
2410 220.303 219497
2411 220.307 211735
2412 220.311 205031
2413 220.315 200905
2414 220.319 200374
2415 220.323 203946
2416 220.327 210290
2417 220.331 217730
2418 220.335 224302
2419 220.339 228306
2420 220.343 228218
2421 220.347 223268
2422 220.351 213053
2423 220.355 198870
2424 220.359 181436
2425 220.363 162817
2426 220.367 144740
2427 220.371 128647
2428 220.375 115725
2429 220.379 106229
2430 220.384 99857
2431 220.388 97043
2432 220.392 97327
2433 220.396 100702
2434 220.400 107499
2435 220.404 118126
2436 220.408 132938
2437 220.412 151977
2438 220.416 174499
2439 220.420 199167
2440 220.424 224407
2441 220.428 247608
2442 220.432 266292
2443 220.436 279633
2444 220.440 286390
2445 220.444 286998
2446 220.448 281185
2447 220.452 268933
2448 220.456 250464
2449 220.460 227342
2450 220.464 201593
2451 220.468 176363
2452 220.473 153406
2453 220.477 134692
2454 220.481 120384
2455 220.485 111042
2456 220.489 105878
2457 220.493 104591
2458 220.497 107287
2459 220.501 114133
2460 220.505 125159
2461 220.509 140423
2462 220.513 159588
2463 220.517 181437
2464 220.521 203316
2465 220.525 222914
2466 220.529 237912
2467 220.533 247922
2468 220.537 252302
2469 220.541 250890
2470 220.545 243570
2471 220.550 230766
2472 220.554 212191
2473 220.558 190108
2474 220.562 166640
2475 220.566 144129
2476 220.570 124297
2477 220.574 108112
2478 220.578 96263
2479 220.582 87800
2480 220.586 82999
2481 220.590 81431
2482 220.594 82586
2483 220.598 87055
2484 220.602 94826
2485 220.606 105611
2486 220.610 118711
2487 220.614 133170
2488 220.618 147338
2489 220.623 159414
2490 220.627 167745
2491 220.631 171963
2492 220.635 171961
2493 220.639 168047
2494 220.643 161486
2495 220.647 155065
2496 220.651 150446
2497 220.655 149252
2498 220.659 151297
2499 220.663 155148
2500 220.667 158989
2501 220.671 161084
2502 220.675 159690
2503 220.679 154082
2504 220.683 144130
2505 220.688 130891
2506 220.692 115485
2507 220.696 100308
2508 220.700 86407
2509 220.704 74836
2510 220.708 65773
2511 220.712 58914
2512 220.716 53990
2513 220.720 50338
2514 220.724 48509
2515 220.728 47943
2516 220.732 48430
2517 220.736 50303
2518 220.740 53588
2519 220.744 58306
2520 220.748 65012
2521 220.753 73890
2522 220.757 85343
2523 220.761 98832
2524 220.765 113191
2525 220.769 126878
2526 220.773 137996
2527 220.777 145366
2528 220.781 148457
2529 220.785 147331
2530 220.789 142952
2531 220.793 137355
2532 220.797 133163
2533 220.801 132017
2534 220.805 134002
2535 220.810 138130
2536 220.814 141663
2537 220.818 143001
2538 220.822 141143
2539 220.826 135628
2540 220.830 126392
2541 220.834 114897
2542 220.838 102619
2543 220.842 91163
2544 220.846 81488
2545 220.850 74442
2546 220.854 69529
2547 220.858 67327
2548 220.862 67766
2549 220.867 71251
2550 220.871 77784
2551 220.875 87726
2552 220.879 100741
2553 220.883 116574
2554 220.887 133389
2555 220.891 149047
2556 220.895 161285
2557 220.899 169094
2558 220.903 172184
2559 220.907 170124
2560 220.911 162271
2561 220.916 149380
2562 220.920 132841
2563 220.924 115425
2564 220.928 99830
2565 220.932 87200
2566 220.936 78163
2567 220.940 72836
2568 220.944 70654
2569 220.948 71914
2570 220.952 76676
2571 220.956 85002
2572 220.960 96620
2573 220.964 110608
2574 220.969 125216
2575 220.973 137981
2576 220.977 147159
2577 220.981 152179
2578 220.985 152144
2579 220.989 147220
2580 220.993 136874
2581 220.997 122721
2582 221.001 106308
2583 221.005 90745
2584 221.009 77439
2585 221.013 67092
2586 221.018 59897
2587 221.022 55529
2588 221.026 53503
2589 221.030 53957
2590 221.034 57156
2591 221.038 62804
2592 221.042 70580
2593 221.046 79834
2594 221.050 88945
2595 221.054 96337
2596 221.058 100925
2597 221.063 102367
2598 221.067 100809
2599 221.071 97229
2600 221.075 93373
2601 221.079 91088
2602 221.083 91202
2603 221.087 93079
2604 221.091 95141
2605 221.095 95998
2606 221.099 94405
2607 221.103 89877
2608 221.108 82338
2609 221.112 73119
2610 221.116 63245
2611 221.120 54282
2612 221.124 46989
2613 221.128 41246
2614 221.132 37252
2615 221.136 34545
2616 221.140 33065
2617 221.144 32709
2618 221.148 33415
2619 221.153 34984
2620 221.157 37597
2621 221.161 41608
2622 221.165 47026
2623 221.169 53948
2624 221.173 62609
2625 221.177 71821
2626 221.181 79890
2627 221.185 85642
2628 221.189 88241
2629 221.194 87467
2630 221.198 84653
2631 221.202 81619
2632 221.206 79984
2633 221.210 80591
2634 221.214 82740
2635 221.218 84696
2636 221.222 84952
2637 221.226 82949
2638 221.230 78240
2639 221.235 71492
2640 221.239 63550
2641 221.243 56023
2642 221.247 49699
2643 221.251 44887
2644 221.255 42327
2645 221.259 41754
2646 221.263 43002
2647 221.267 46394
2648 221.271 52085
2649 221.276 59737
2650 221.280 68792
2651 221.284 77802
2652 221.288 85181
2653 221.292 90097
2654 221.296 91502
2655 221.300 89349
2656 221.304 83735
2657 221.308 75213
2658 221.313 65560
2659 221.317 56680
2660 221.321 49514
2661 221.325 44334
2662 221.329 41445
2663 221.333 40738
2664 221.337 42002
2665 221.341 45385
2666 221.345 50839
2667 221.350 57822
2668 221.354 65277
2669 221.358 71727
2670 221.362 76072
2671 221.366 77265
2672 221.370 75384
2673 221.374 70526
2674 221.378 63238
2675 221.382 54988
2676 221.387 47141
2677 221.391 40310
2678 221.395 35289
2679 221.399 32229
2680 221.403 30593
2681 221.407 30665
2682 221.411 32398
2683 221.415 35563
2684 221.419 39979
2685 221.424 44856
2686 221.428 49281
2687 221.432 52130
2688 221.436 53031
2689 221.440 52101
2690 221.444 49988
2691 221.448 47838
2692 221.452 46559
2693 221.456 46421
2694 221.461 46966
2695 221.465 47607
2696 221.469 47072
2697 221.473 44885
2698 221.477 41141
2699 221.481 36473
2700 221.485 31655
2701 221.489 27407
2702 221.494 24145
2703 221.498 21870
2704 221.502 20298
2705 221.506 19408
2706 221.510 19334
2707 221.514 19838
2708 221.518 20974
2709 221.522 22797
2710 221.527 25412
2711 221.531 29098
2712 221.535 33461
2713 221.539 37656
2714 221.543 40954
2715 221.547 42910
2716 221.551 43376
2717 221.555 42506
2718 221.559 40992
2719 221.564 40059
2720 221.568 40201
2721 221.572 40747
2722 221.576 41278
2723 221.580 41205
2724 221.584 39896
2725 221.588 37380
2726 221.592 33875
2727 221.597 30072
2728 221.601 26677
2729 221.605 24171
2730 221.609 22831
2731 221.613 22711
2732 221.617 23787
2733 221.621 26313
2734 221.626 29942
2735 221.630 34473
2736 221.634 39101
2737 221.638 43157
2738 221.642 44874
2739 221.646 45346
2740 221.650 43693
2741 221.654 40281
2742 221.659 35943
2743 221.663 31626
2744 221.667 27913
2745 221.671 25284
2746 221.675 23910
2747 221.679 23783
2748 221.683 24780
2749 221.687 27090
2750 221.692 30354
2751 221.696 34219
2752 221.700 37567
2753 221.704 39846
2754 221.708 40568
2755 221.712 39469
2756 221.716 36299
2757 221.721 32155
2758 221.725 27837
2759 221.729 23972
2760 221.733 21005
2761 221.737 19104
2762 221.741 18188
2763 221.745 18315
2764 221.750 19466
2765 221.754 21346
2766 221.758 23803
2767 221.762 26227
2768 221.766 28023
2769 221.770 28795
2770 221.774 28540
2771 221.778 27888
2772 221.783 27049
2773 221.787 26488
2774 221.791 26325
2775 221.795 26243
2776 221.799 25856
2777 221.803 24665
2778 221.807 22518
2779 221.812 19968
2780 221.816 17394
2781 221.820 15193
2782 221.824 13491
2783 221.828 12286
2784 221.832 11631
2785 221.836 11368
2786 221.841 11624
2787 221.845 12329
2788 221.849 13432
2789 221.853 15141
2790 221.857 17374
2791 221.861 19951
2792 221.866 22269
2793 221.870 23803
2794 221.874 24438
2795 221.878 24084
2796 221.882 23306
2797 221.886 22686
2798 221.890 22330
2799 221.895 22175
2800 221.899 21837
2801 221.903 21282
2802 221.907 20075
2803 221.911 18432
2804 221.915 16715
2805 221.919 15130
2806 221.924 13842
2807 221.928 13118
2808 221.932 12796
2809 221.936 13115
2810 221.940 14089
2811 221.944 15358
2812 221.948 16792
2813 221.953 18197
2814 221.957 19227
2815 221.961 19435
2816 221.965 18833
2817 221.969 17531
2818 221.973 15749
2819 221.978 13940
2820 221.982 12476
2821 221.986 11318
2822 221.990 10665
2823 221.994 10625
2824 221.998 10978
2825 222.002 11672
2826 222.007 12661
2827 222.011 13608
2828 222.015 14154
2829 222.019 14248
2830 222.023 13687
2831 222.027 12445
2832 222.032 11064
2833 222.036 9671
2834 222.040 8292
2835 222.044 7433
2836 222.048 6832
2837 222.052 6591
2838 222.057 6772
2839 222.061 7114
2840 222.065 7567
2841 222.069 8184
2842 222.073 8573
2843 222.077 8802
2844 222.081 8854
2845 222.086 8736
2846 222.090 8413
2847 222.094 8046
2848 222.098 7699
2849 222.102 7303
2850 222.106 6822
2851 222.111 6321
2852 222.115 5648
2853 222.119 5020
2854 222.123 4431
2855 222.127 3930
2856 222.131 3458
2857 222.136 3196
2858 222.140 3118
2859 222.144 3007
2860 222.148 3012
2861 222.152 3405
2862 222.156 3792
2863 222.161 4158
2864 222.165 4600
2865 222.169 4998
2866 222.173 5133
2867 222.177 5073
2868 222.181 4998
2869 222.186 4782
2870 222.190 4671
2871 222.194 4579
2872 222.198 4484
2873 222.202 4320
2874 222.206 3969
2875 222.211 3675
2876 222.215 3488
2877 222.219 3213
2878 222.223 2909
2879 222.227 2801
2880 222.231 2739
2881 222.236 2927
2882 222.240 3163
2883 222.244 3359
2884 222.248 3521
2885 222.252 3668
2886 222.257 3701
2887 222.261 3493
2888 222.265 3269
2889 222.269 2929
2890 222.273 2738
2891 222.277 2541
2892 222.282 2413
2893 222.286 2394
2894 222.290 2372
2895 222.294 2384
2896 222.298 2356
2897 222.302 2433
2898 222.307 2575
2899 222.311 2545
2900 222.315 2425
2901 222.319 2216
2902 222.323 2017
2903 222.328 1857
2904 222.332 1687
2905 222.336 1594
2906 222.340 1531
2907 222.344 1466
2908 222.348 1469
2909 222.353 1600
2910 222.357 1623
2911 222.361 1554
2912 222.365 1554
2913 222.369 1456
2914 222.374 1328
2915 222.378 1199
2916 222.382 1060
2917 222.386 941
2918 222.390 842
2919 222.394 777
2920 222.399 755
2921 222.403 715
2922 222.407 667
2923 222.411 586
2924 222.415 622
2925 222.420 666
2926 222.424 755
2927 222.428 747
2928 222.432 696
2929 222.436 660
2930 222.440 647
2931 222.445 688
2932 222.449 705
2933 222.453 736
2934 222.457 759
2935 222.461 747
2936 222.466 710
2937 222.470 620
2938 222.474 646
2939 222.478 596
2940 222.482 669
2941 222.487 790
2942 222.491 750
2943 222.495 577
2944 222.499 541
2945 222.503 600
2946 222.507 656
2947 222.512 743
2948 222.516 719
2949 222.520 711
2950 222.524 785
2951 222.528 809
2952 222.533 815
2953 222.537 814
2954 222.541 837
2955 222.545 916
2956 222.549 809
2957 222.554 709
2958 222.558 766
2959 222.562 803
2960 222.566 780
2961 222.570 820
2962 222.575 756
2963 222.579 725
2964 222.583 749
2965 222.587 695
2966 222.591 667
2967 222.596 593
2968 222.600 533
2969 222.604 634
2970 222.608 755
2971 222.612 661
2972 222.617 561
2973 222.621 563
2974 222.625 536
2975 222.629 546
2976 222.633 552
2977 222.638 381
2978 222.642 447
2979 222.646 391
2980 222.650 323
2981 222.654 301
2982 222.659 296
2983 222.663 336
2984 222.667 355
2985 222.671 456
2986 222.675 435
2987 222.680 440
2988 222.684 457
2989 222.688 414
2990 222.692 360
2991 222.696 284
2992 222.701 389
2993 222.705 356
2994 222.709 323
2995 222.713 327
2996 222.717 252
2997 222.722 205
2998 222.726 218
2999 222.730 263
3000 222.734 212
3001 222.738 137
3002 222.743 260
3003 222.747 306
3004 222.751 406
3005 222.755 405
3006 222.760 378
3007 222.764 395
3008 222.768 367
3009 222.772 255
3010 222.776 323
3011 222.781 237
3012 222.785 217
3013 222.789 306
3014 222.793 404
3015 222.797 367
3016 222.802 336
3017 222.806 405
3018 222.810 377
3019 222.814 319
3020 222.818 281
3021 222.823 286
3022 222.827 409
3023 222.831 418
3024 222.835 254
3025 222.840 233
3026 222.844 324
3027 222.848 369
3028 222.852 421
3029 222.856 353
3030 222.861 333
3031 222.865 346
3032 222.869 255
3033 222.873 333
3034 222.877 363
3035 222.882 366
3036 222.886 343
3037 222.890 344
3038 222.894 233
3039 222.899 209
3040 222.903 237
3041 222.907 124
3042 222.911 167
3043 222.915 237
3044 222.920 241
3045 222.924 109
3046 222.928 141
3047 222.932 186
3048 222.937 124
3049 222.941 152
3050 222.945 75
3051 222.949 20
3052 222.953 18
3053 222.958 -19
3054 222.962 -45
3055 222.966 -24
3056 222.970 11
3057 222.975 53
3058 222.979 -11
3059 222.983 21
3060 222.987 169
3061 222.991 64
3062 222.996 40
3063 223.000 124
3064 223.004 -77
3065 223.008 -144
3066 223.013 -185
3067 223.017 -204
3068 223.021 -114
3069 223.025 -122
3070 223.030 -89
3071 223.034 -35
3072 223.038 -30
3073 223.042 35
3074 223.046 -1
3075 223.051 -40
3076 223.055 34
3077 223.059 49
3078 223.063 63
3079 223.068 -7
3080 223.072 23
3081 223.076 73
3082 223.080 -165
3083 223.085 -269
3084 223.089 -204
3085 223.093 -142
3086 223.097 -180
3087 223.101 -177
3088 223.106 -137
3089 223.110 -129
3090 223.114 -236
3091 223.118 -261
3092 223.123 -219
3093 223.127 -264
3094 223.131 -259
3095 223.135 -261
3096 223.140 -256
3097 223.144 -303
3098 223.148 -282
3099 223.152 -124
3100 223.157 -149
3101 223.161 -236
3102 223.165 -362
3103 223.169 -304
3104 223.173 -304
3105 223.178 -304
3106 223.182 -258
3107 223.186 -219
3108 223.190 -180
3109 223.195 -325
3110 223.199 -311
3111 223.203 -358
3112 223.207 -353
3113 223.212 -332
3114 223.216 -279
3115 223.220 -336
3116 223.224 -353
3117 223.229 -354
3118 223.233 -404
3119 223.237 -295
3120 223.241 -252
3121 223.246 -410
3122 223.250 -404
3123 223.254 -315
3124 223.258 -288
3125 223.263 -328
3126 223.267 -325
3127 223.271 -387
3128 223.275 -445
3129 223.280 -472
3130 223.284 -473
3131 223.288 -430
3132 223.292 -502
3133 223.297 -441
3134 223.301 -304
3135 223.305 -243
3136 223.309 -319
3137 223.314 -435
3138 223.318 -445
3139 223.322 -358
3140 223.326 -356
3141 223.331 -361
3142 223.335 -405
3143 223.339 -435
3144 223.343 -510
3145 223.348 -544
3146 223.352 -602
3147 223.356 -554
3148 223.360 -423
3149 223.365 -510
3150 223.369 -535
3151 223.373 -481
3152 223.377 -363
3153 223.382 -429
3154 223.386 -551
3155 223.390 -542
3156 223.394 -531
3157 223.399 -611
3158 223.403 -536
3159 223.407 -593
3160 223.411 -586
3161 223.416 -551
3162 223.420 -520
3163 223.424 -517
3164 223.428 -550
3165 223.433 -511
3166 223.437 -553
3167 223.441 -637
3168 223.445 -567
3169 223.450 -452
3170 223.454 -435
3171 223.458 -352
3172 223.462 -295
3173 223.467 -418
3174 223.471 -447
3175 223.475 -533
3176 223.479 -444
3177 223.484 -399
3178 223.488 -366
3179 223.492 -467
3180 223.497 -450
3181 223.501 -503
3182 223.505 -471
3183 223.509 -448
3184 223.514 -424
3185 223.518 -453
3186 223.522 -535
3187 223.526 -586
3188 223.531 -503
3189 223.535 -584
3190 223.539 -533
3191 223.543 -431
3192 223.548 -466
3193 223.552 -493
3194 223.556 -501
3195 223.561 -540
3196 223.565 -467
3197 223.569 -451
3198 223.573 -449
3199 223.578 -407
3200 223.582 -414
3201 223.586 -449
3202 223.590 -403
3203 223.595 -371
3204 223.599 -403
3205 223.603 -567
3206 223.607 -641
3207 223.612 -615
3208 223.616 -564
3209 223.620 -522
3210 223.625 -500
3211 223.629 -405
3212 223.633 -412
3213 223.637 -489
3214 223.642 -498
3215 223.646 -450
3216 223.650 -389
3217 223.654 -320
3218 223.659 -315
3219 223.663 -368
3220 223.667 -462
3221 223.672 -537
3222 223.676 -469
3223 223.680 -357
3224 223.684 -367
3225 223.689 -403
3226 223.693 -460
3227 223.697 -392
3228 223.701 -446
3229 223.706 -484
3230 223.710 -485
3231 223.714 -571
3232 223.719 -458
3233 223.723 -424
3234 223.727 -349
3235 223.731 -465
3236 223.736 -457
3237 223.740 -378
3238 223.744 -450
3239 223.749 -523
3240 223.753 -478
3241 223.757 -458
3242 223.761 -474
3243 223.766 -533
3244 223.770 -596
3245 223.774 -485
3246 223.779 -507
3247 223.783 -462
3248 223.787 -520
3249 223.791 -482
3250 223.796 -611
3251 223.800 -524
3252 223.804 -454
3253 223.809 -490
3254 223.813 -588
3255 223.817 -492
3256 223.821 -366
3257 223.826 -338
3258 223.830 -338
3259 223.834 -312
3260 223.839 -347
3261 223.843 -397
3262 223.847 -449
3263 223.851 -488
3264 223.856 -470
3265 223.860 -477
3266 223.864 -435
3267 223.869 -420
3268 223.873 -434
3269 223.877 -380
3270 223.881 -431
3271 223.886 -522
3272 223.890 -448
3273 223.894 -479
3274 223.899 -523
3275 223.903 -507
3276 223.907 -521
3277 223.911 -431
3278 223.916 -425
3279 223.920 -339
3280 223.924 -341
3281 223.929 -327
3282 223.933 -375
3283 223.937 -469
3284 223.941 -449
3285 223.946 -449
3286 223.950 -535
3287 223.954 -537
3288 223.959 -452
3289 223.963 -456
3290 223.967 -479
3291 223.972 -491
3292 223.976 -434
3293 223.980 -429
3294 223.984 -444
3295 223.989 -447
3296 223.993 -559
3297 223.997 -483
3298 224.002 -355
3299 224.006 -346
3300 224.010 -393
3301 224.015 -381
3302 224.019 -454
3303 224.023 -525
3304 224.027 -464
3305 224.032 -454
3306 224.036 -461
3307 224.040 -508
3308 224.045 -548
3309 224.049 -435
3310 224.053 -428
3311 224.058 -439
3312 224.062 -422
3313 224.066 -434
3314 224.070 -441
3315 224.075 -502
3316 224.079 -531
3317 224.083 -535
3318 224.088 -557
3319 224.092 -496
3320 224.096 -406
3321 224.101 -391
3322 224.105 -479
3323 224.109 -521
3324 224.114 -483
3325 224.118 -407
3326 224.122 -353
3327 224.126 -433
3328 224.131 -401
3329 224.135 -293
3330 224.139 -330
3331 224.144 -379
3332 224.148 -328
3333 224.152 -286
3334 224.157 -335
3335 224.161 -218
3336 224.165 -207
3337 224.170 -263
3338 224.174 -359
3339 224.178 -452
3340 224.182 -520
3341 224.187 -550
3342 224.191 -532
3343 224.195 -578
3344 224.200 -745
3345 224.204 -615
3346 224.208 -412
3347 224.213 -417
3348 224.217 -490
3349 224.221 -412
3350 224.226 -390
3351 224.230 -469
3352 224.234 -479
3353 224.239 -498
3354 224.243 -445
3355 224.247 -406
3356 224.252 -330
3357 224.256 -335
3358 224.260 -367
3359 224.264 -367
3360 224.269 -438
3361 224.273 -535
3362 224.277 -585
3363 224.282 -632
3364 224.286 -497
3365 224.290 -459
3366 224.295 -402
3367 224.299 -383
3368 224.303 -292
3369 224.308 -401
3370 224.312 -448
3371 224.316 -413
3372 224.321 -327
3373 224.325 -359
3374 224.329 -419
3375 224.334 -485
3376 224.338 -512
3377 224.342 -489
3378 224.347 -460
3379 224.351 -370
3380 224.355 -344
3381 224.360 -384
3382 224.364 -251
3383 224.368 -239
3384 224.372 -320
3385 224.377 -307
3386 224.381 -379
3387 224.385 -403
3388 224.390 -322
3389 224.394 -350
3390 224.398 -433
3391 224.403 -417
3392 224.407 -427
3393 224.411 -423
3394 224.416 -380
3395 224.420 -348
3396 224.424 -336
3397 224.429 -265
3398 224.433 -246
3399 224.437 -314
3400 224.442 -392
3401 224.446 -397
3402 224.450 -349
3403 224.455 -444
3404 224.459 -465
3405 224.463 -389
3406 224.468 -348
3407 224.472 -283
3408 224.476 -368
3409 224.481 -448
3410 224.485 -426
3411 224.489 -319
3412 224.494 -227
3413 224.498 -268
3414 224.502 -324
3415 224.507 -284
3416 224.511 -377
3417 224.515 -336
3418 224.520 -284
3419 224.524 -403
3420 224.528 -374
3421 224.533 -331
3422 224.537 -294
3423 224.541 -334
3424 224.546 -348
3425 224.550 -398
3426 224.554 -407
3427 224.559 -388
3428 224.563 -363
3429 224.567 -375
3430 224.572 -409
3431 224.576 -447
3432 224.580 -387
3433 224.585 -376
3434 224.589 -293
3435 224.594 -266
3436 224.598 -343
3437 224.602 -325
3438 224.607 -389
3439 224.611 -454
3440 224.615 -390
3441 224.620 -410
3442 224.624 -427
3443 224.628 -490
3444 224.633 -429
3445 224.637 -414
3446 224.641 -424
3447 224.646 -432
3448 224.650 -441
3449 224.654 -425
3450 224.659 -451
3451 224.663 -422
3452 224.667 -340
3453 224.672 -325
3454 224.676 -282
3455 224.680 -310
3456 224.685 -365
3457 224.689 -427
3458 224.693 -424
3459 224.698 -270
3460 224.702 -271
3461 224.707 -250
3462 224.711 -302
3463 224.715 -344
3464 224.720 -366
3465 224.724 -327
3466 224.728 -293
3467 224.733 -374
3468 224.737 -486
3469 224.741 -358
3470 224.746 -345
3471 224.750 -322
3472 224.754 -321
3473 224.759 -336
3474 224.763 -390
3475 224.767 -391
3476 224.772 -344
3477 224.776 -362
3478 224.781 -407
3479 224.785 -392
3480 224.789 -448
3481 224.794 -396
3482 224.798 -343
3483 224.802 -280
3484 224.807 -284
3485 224.811 -331
3486 224.815 -331
3487 224.820 -270
3488 224.824 -257
3489 224.828 -296
3490 224.833 -231
3491 224.837 -269
3492 224.842 -272
3493 224.846 -238
3494 224.850 -234
3495 224.855 -311
3496 224.859 -376
3497 224.863 -450
3498 224.868 -438
3499 224.872 -388
3500 224.876 -321
3501 224.881 -299
3502 224.885 -245
3503 224.889 -386
3504 224.894 -417
3505 224.898 -282
3506 224.903 -255
3507 224.907 -340
3508 224.911 -286
3509 224.916 -292
3510 224.920 -374
3511 224.924 -363
3512 224.929 -372
3513 224.933 -354
3514 224.938 -237
3515 224.942 -202
3516 224.946 -237
3517 224.951 -327
3518 224.955 -339
3519 224.959 -371
3520 224.964 -296
3521 224.968 -327
3522 224.972 -355
3523 224.977 -331
3524 224.981 -289
3525 224.986 -313
3526 224.990 -370
3527 224.994 -332
3528 224.999 -289
3529 225.003 -352
3530 225.007 -350
3531 225.012 -329
3532 225.016 -301
3533 225.021 -209
3534 225.025 -217
3535 225.029 -320
3536 225.034 -261
3537 225.038 -258
3538 225.042 -312
3539 225.047 -382
3540 225.051 -281
3541 225.056 -231
3542 225.060 -239
3543 225.064 -311
3544 225.069 -227
3545 225.073 -175
3546 225.077 -145
3547 225.082 -126
3548 225.086 -167
3549 225.091 -161
3550 225.095 -186
3551 225.099 -171
3552 225.104 -215
3553 225.108 -230
3554 225.112 -234
3555 225.117 -379
3556 225.121 -393
3557 225.126 -299
3558 225.130 -288
3559 225.134 -266
3560 225.139 -253
3561 225.143 -308
3562 225.147 -282
3563 225.152 -259
3564 225.156 -222
3565 225.161 -283
3566 225.165 -271
3567 225.169 -263
3568 225.174 -236
3569 225.178 -290
3570 225.183 -262
3571 225.187 -225
3572 225.191 -244
3573 225.196 -286
3574 225.200 -326
3575 225.204 -314
3576 225.209 -344
3577 225.213 -348
3578 225.218 -315
3579 225.222 -260
3580 225.226 -305
3581 225.231 -309
3582 225.235 -235
3583 225.240 -231
3584 225.244 -213
3585 225.248 -164
3586 225.253 -251
3587 225.257 -254
3588 225.262 -252
3589 225.266 -158
3590 225.270 -101
3591 225.275 -142
3592 225.279 -230
3593 225.284 -246
3594 225.288 -275
3595 225.292 -299
3596 225.297 -258
3597 225.301 -158
3598 225.305 -200
3599 225.310 -201
3600 225.314 -214
3601 225.319 -243
3602 225.323 -223
3603 225.327 -196
3604 225.332 -256
3605 225.336 -332
3606 225.341 -283
3607 225.345 -261
3608 225.349 -240
3609 225.354 -239
3610 225.358 -205
3611 225.363 -156
3612 225.367 -204
3613 225.371 -307
3614 225.376 -272
3615 225.380 -188
3616 225.385 -112
3617 225.389 -235
3618 225.393 -234
3619 225.398 -336
3620 225.402 -356
3621 225.407 -309
3622 225.411 -236
3623 225.415 -340
3624 225.420 -186
3625 225.424 -139
3626 225.429 -131
3627 225.433 -226
3628 225.437 -287
3629 225.442 -235
3630 225.446 -204
3631 225.451 -182
3632 225.455 -217
3633 225.459 -301
3634 225.464 -239
3635 225.468 -276
3636 225.473 -316
3637 225.477 -330
3638 225.481 -148
3639 225.486 -146
3640 225.490 -185
3641 225.495 -207
3642 225.499 -250
3643 225.504 -256
3644 225.508 -315
3645 225.512 -354
3646 225.517 -355
3647 225.521 -365
3648 225.526 -373
