1 211.301 20
2 211.305 27
3 211.308 16
4 211.312 38
5 211.315 133
6 211.319 140
7 211.322 102
8 211.325 63
9 211.329 47
10 211.332 4
11 211.336 -46
12 211.339 -12
13 211.343 7
14 211.346 9
15 211.350 55
16 211.353 18
17 211.357 57
18 211.360 112
19 211.364 140
20 211.367 88
21 211.371 82
22 211.374 64
23 211.378 1
24 211.381 -62
25 211.385 -139
26 211.388 -88
27 211.392 -48
28 211.395 50
29 211.398 43
30 211.402 -77
31 211.405 -160
32 211.409 -104
33 211.412 -68
34 211.416 -118
35 211.419 -57
36 211.423 -84
37 211.426 -80
38 211.430 -22
39 211.433 -66
40 211.437 -61
41 211.440 -30
42 211.444 -28
43 211.447 -11
44 211.451 -78
45 211.454 -49
46 211.458 -54
47 211.461 -86
48 211.465 -172
49 211.468 -133
50 211.472 -73
51 211.475 -140
52 211.478 -82
53 211.482 -43
54 211.485 -75
55 211.489 -155
56 211.492 -133
57 211.496 -73
58 211.499 33
59 211.503 -55
60 211.506 -49
61 211.510 -60
62 211.513 -162
63 211.517 -140
64 211.520 -156
65 211.524 -67
66 211.527 -33
67 211.531 -132
68 211.534 -147
69 211.538 -120
70 211.541 -143
71 211.545 -105
72 211.548 -11
73 211.552 -124
74 211.555 -150
75 211.559 -169
76 211.562 -125
77 211.566 -107
78 211.569 -149
79 211.573 -163
80 211.576 -192
81 211.580 -197
82 211.583 -182
83 211.587 -105
84 211.590 -158
85 211.593 -225
86 211.597 -296
87 211.600 -194
88 211.604 -84
89 211.607 -147
90 211.611 -236
91 211.614 -221
92 211.618 -119
93 211.621 -118
94 211.625 -221
95 211.628 -194
96 211.632 -135
97 211.635 -154
98 211.639 -181
99 211.642 -178
100 211.646 -144
101 211.649 -72
102 211.653 -56
103 211.656 -69
104 211.660 -23
105 211.663 -5
106 211.667 -55
107 211.670 -195
108 211.674 -164
109 211.677 -180
110 211.681 -145
111 211.684 -204
112 211.688 -121
113 211.691 -49
114 211.695 -93
115 211.698 -164
116 211.702 -163
117 211.705 -139
118 211.709 -178
119 211.712 -171
120 211.716 -165
121 211.719 -172
122 211.723 -193
123 211.726 -241
124 211.730 -219
125 211.733 -308
126 211.737 -264
127 211.740 -365
128 211.744 -298
129 211.747 -306
130 211.751 -216
131 211.754 -176
132 211.758 -232
133 211.761 -146
134 211.765 -123
135 211.768 -148
136 211.772 -157
137 211.775 -219
138 211.779 -166
139 211.782 -152
140 211.786 -181
141 211.789 -275
142 211.793 -241
143 211.796 -152
144 211.800 -159
145 211.803 -207
146 211.807 -152
147 211.810 -63
148 211.814 -85
149 211.817 -161
150 211.821 -181
151 211.824 -125
152 211.828 -58
153 211.831 -104
154 211.835 -96
155 211.838 -124
156 211.842 -123
157 211.845 -128
158 211.849 -152
159 211.852 -99
160 211.856 -119
161 211.859 -94
162 211.863 -113
163 211.866 -24
164 211.870 -9
165 211.873 -22
166 211.877 -84
167 211.880 -231
168 211.884 -283
169 211.887 -186
170 211.891 -149
171 211.894 -182
172 211.898 -234
173 211.901 -216
174 211.905 -133
175 211.908 -199
176 211.912 -193
177 211.915 -92
178 211.919 -85
179 211.922 -88
180 211.926 -116
181 211.929 -139
182 211.933 -201
183 211.936 -227
184 211.940 -340
185 211.943 -308
186 211.947 -216
187 211.950 -142
188 211.954 -178
189 211.957 -152
190 211.961 -135
191 211.964 -69
192 211.968 -63
193 211.971 -58
194 211.975 -1
195 211.978 -90
196 211.982 -182
197 211.985 -234
198 211.989 -198
199 211.992 -186
200 211.996 -331
201 211.999 -278
202 212.003 -195
203 212.006 -211
204 212.010 -235
205 212.013 -191
206 212.017 -192
207 212.020 -139
208 212.024 -235
209 212.028 -264
210 212.031 -47
211 212.035 -57
212 212.038 -128
213 212.042 -112
214 212.045 -161
215 212.049 -232
216 212.052 -208
217 212.056 -169
218 212.059 -123
219 212.063 -71
220 212.066 -141
221 212.070 -271
222 212.073 -249
223 212.077 -146
224 212.080 -208
225 212.084 -183
226 212.087 -185
227 212.091 -204
228 212.094 -213
229 212.098 -85
230 212.101 -77
231 212.105 -112
232 212.108 -97
233 212.112 -230
234 212.115 -297
235 212.119 -335
236 212.122 -265
237 212.126 -212
238 212.129 -189
239 212.133 -210
240 212.136 -306
241 212.140 -333
242 212.144 -229
243 212.147 -200
244 212.151 -181
245 212.154 -184
246 212.158 -216
247 212.161 -197
248 212.165 -170
249 212.168 -157
250 212.172 -189
251 212.175 -234
252 212.179 -199
253 212.182 -216
254 212.186 -194
255 212.189 -157
256 212.193 -206
257 212.196 -296
258 212.200 -275
259 212.203 -244
260 212.207 -323
261 212.210 -299
262 212.214 -291
263 212.217 -232
264 212.221 -220
265 212.225 -220
266 212.228 -179
267 212.232 -68
268 212.235 -174
269 212.239 -209
270 212.242 -188
271 212.246 -121
272 212.249 -188
273 212.253 -236
274 212.256 -263
275 212.260 -196
276 212.263 -215
277 212.267 -174
278 212.270 -137
279 212.274 -49
280 212.277 -189
281 212.281 -193
282 212.284 -263
283 212.288 -305
284 212.291 -221
285 212.295 -144
286 212.299 -284
287 212.302 -304
288 212.306 -290
289 212.309 -429
290 212.313 -357
291 212.316 -293
292 212.320 -299
293 212.323 -217
294 212.327 -149
295 212.330 -108
296 212.334 -136
297 212.337 -214
298 212.341 -225
299 212.344 -249
300 212.348 -267
301 212.351 -299
302 212.355 -215
303 212.359 -239
304 212.362 -367
305 212.366 -353
306 212.369 -335
307 212.373 -240
308 212.376 -176
309 212.380 -192
310 212.383 -287
311 212.387 -203
312 212.390 -202
313 212.394 -243
314 212.397 -276
315 212.401 -219
316 212.404 -124
317 212.408 -136
318 212.412 -195
319 212.415 -243
320 212.419 -330
321 212.422 -328
322 212.426 -223
323 212.429 -181
324 212.433 -231
325 212.436 -287
326 212.440 -212
327 212.443 -208
328 212.447 -333
329 212.450 -366
330 212.454 -413
331 212.457 -350
332 212.461 -365
333 212.465 -401
334 212.468 -303
335 212.472 -252
336 212.475 -203
337 212.479 -170
338 212.482 -267
339 212.486 -301
340 212.489 -223
341 212.493 -244
342 212.496 -239
343 212.500 -273
344 212.503 -338
345 212.507 -315
346 212.511 -194
347 212.514 -288
348 212.518 -298
349 212.521 -175
350 212.525 -76
351 212.528 -106
352 212.532 -108
353 212.535 -84
354 212.539 -165
355 212.542 -271
356 212.546 -197
357 212.550 -282
358 212.553 -390
359 212.557 -374
360 212.560 -267
361 212.564 -255
362 212.567 -193
363 212.571 -148
364 212.574 -256
365 212.578 -320
366 212.581 -227
367 212.585 -225
368 212.588 -229
369 212.592 -222
370 212.596 -159
371 212.599 -174
372 212.603 -171
373 212.606 -218
374 212.610 -383
375 212.613 -323
376 212.617 -350
377 212.620 -353
378 212.624 -367
379 212.627 -349
380 212.631 -302
381 212.635 -263
382 212.638 -189
383 212.642 -196
384 212.645 -234
385 212.649 -320
386 212.652 -225
387 212.656 -247
388 212.659 -298
389 212.663 -257
390 212.667 -177
391 212.670 -216
392 212.674 -310
393 212.677 -364
394 212.681 -331
395 212.684 -301
396 212.688 -301
397 212.691 -239
398 212.695 -204
399 212.698 -279
400 212.702 -336
401 212.706 -299
402 212.709 -346
403 212.713 -385
404 212.716 -418
405 212.720 -384
406 212.723 -392
407 212.727 -363
408 212.730 -324
409 212.734 -332
410 212.738 -319
411 212.741 -230
412 212.745 -243
413 212.748 -283
414 212.752 -197
415 212.755 -163
416 212.759 -116
417 212.762 -222
418 212.766 -286
419 212.770 -331
420 212.773 -285
421 212.777 -281
422 212.780 -368
423 212.784 -354
424 212.787 -392
425 212.791 -420
426 212.794 -338
427 212.798 -278
428 212.802 -290
429 212.805 -351
430 212.809 -417
431 212.812 -402
432 212.816 -311
433 212.819 -320
434 212.823 -195
435 212.826 -85
436 212.830 -239
437 212.834 -259
438 212.837 -197
439 212.841 -185
440 212.844 -243
441 212.848 -316
442 212.851 -329
443 212.855 -314
444 212.858 -342
445 212.862 -415
446 212.866 -434
447 212.869 -360
448 212.873 -457
449 212.876 -451
450 212.880 -354
451 212.883 -336
452 212.887 -264
453 212.890 -308
454 212.894 -383
455 212.898 -370
456 212.901 -417
457 212.905 -473
458 212.908 -397
459 212.912 -291
460 212.915 -353
461 212.919 -391
462 212.923 -385
463 212.926 -446
464 212.930 -416
465 212.933 -379
466 212.937 -303
467 212.940 -316
468 212.944 -336
469 212.948 -374
470 212.951 -308
471 212.955 -240
472 212.958 -301
473 212.962 -303
474 212.965 -298
475 212.969 -366
476 212.972 -462
477 212.976 -437
478 212.980 -419
479 212.983 -457
480 212.987 -396
481 212.990 -353
482 212.994 -388
483 212.997 -406
484 213.001 -413
485 213.005 -420
486 213.008 -402
487 213.012 -321
488 213.015 -294
489 213.019 -298
490 213.022 -360
491 213.026 -390
492 213.030 -394
493 213.033 -342
494 213.037 -335
495 213.040 -459
496 213.044 -460
497 213.047 -429
498 213.051 -350
499 213.055 -378
500 213.058 -388
501 213.062 -399
502 213.065 -395
503 213.069 -349
504 213.072 -409
505 213.076 -398
506 213.080 -426
507 213.083 -439
508 213.087 -330
509 213.090 -341
510 213.094 -376
511 213.097 -411
512 213.101 -456
513 213.105 -490
514 213.108 -437
515 213.112 -520
516 213.115 -433
517 213.119 -346
518 213.122 -420
519 213.126 -371
520 213.130 -320
521 213.133 -327
522 213.137 -375
523 213.140 -398
524 213.144 -418
525 213.147 -432
526 213.151 -426
527 213.155 -396
528 213.158 -322
529 213.162 -267
530 213.165 -325
531 213.169 -389
532 213.173 -414
533 213.176 -409
534 213.180 -323
535 213.183 -325
536 213.187 -358
537 213.190 -343
538 213.194 -334
539 213.198 -84
540 213.201 290
541 213.205 -100
542 213.208 -308
543 213.212 -339
544 213.215 -386
545 213.219 -357
546 213.223 -312
547 213.226 -275
548 213.230 -285
549 213.233 -343
550 213.237 -392
551 213.241 -265
552 213.244 -392
553 213.248 -394
554 213.251 -374
555 213.255 -453
556 213.258 -408
557 213.262 -378
558 213.266 -327
559 213.269 -435
560 213.273 -411
561 213.276 -394
562 213.280 -302
563 213.284 -231
564 213.287 -287
565 213.291 -371
566 213.294 -351
567 213.298 -291
568 213.301 -374
569 213.305 -367
570 213.309 -374
571 213.312 -395
572 213.316 -423
573 213.319 -320
574 213.323 -266
575 213.327 -376
576 213.330 -387
577 213.334 -297
578 213.337 -257
579 213.341 -334
580 213.345 -347
581 213.348 -394
582 213.352 -349
583 213.355 -314
584 213.359 -358
585 213.362 -335
586 213.366 -327
587 213.370 -320
588 213.373 -362
589 213.377 -367
590 213.380 -347
591 213.384 -271
592 213.388 -198
593 213.391 -259
594 213.395 -356
595 213.398 -335
596 213.402 -337
597 213.406 -322
598 213.409 -342
599 213.413 -440
600 213.416 -382
601 213.420 -321
602 213.423 -339
603 213.427 -357
604 213.431 -461
605 213.434 -401
606 213.438 -276
607 213.441 -293
608 213.445 -406
609 213.449 -422
610 213.452 -366
611 213.456 -275
612 213.459 -242
613 213.463 -294
614 213.467 -248
615 213.470 -300
616 213.474 -403
617 213.477 -383
618 213.481 -459
619 213.485 -412
620 213.488 -311
621 213.492 -160
622 213.495 -197
623 213.499 -248
624 213.503 -316
625 213.506 -306
626 213.510 -338
627 213.513 -359
628 213.517 -385
629 213.521 -456
630 213.524 -545
631 213.528 -518
632 213.531 -457
633 213.535 -413
634 213.539 -431
635 213.542 -329
636 213.546 -286
637 213.549 -303
638 213.553 -359
639 213.557 -343
640 213.560 -360
641 213.564 -298
642 213.567 -244
643 213.571 -285
644 213.575 -341
645 213.578 -423
646 213.582 -443
647 213.585 -424
648 213.589 -438
649 213.593 -385
650 213.596 -339
651 213.600 -353
652 213.603 -297
653 213.607 -274
654 213.611 -333
655 213.614 -361
656 213.618 -344
657 213.621 -395
658 213.625 -427
659 213.629 -428
660 213.632 -433
661 213.636 -407
662 213.639 -386
663 213.643 -369
664 213.647 -395
665 213.650 -392
666 213.654 -381
667 213.657 -383
668 213.661 -337
669 213.665 -419
670 213.668 -425
671 213.672 -386
672 213.676 -421
673 213.679 -378
674 213.683 -421
675 213.686 -473
676 213.690 -405
677 213.694 -372
678 213.697 -358
679 213.701 -397
680 213.704 -369
681 213.708 -320
682 213.712 -351
683 213.715 -358
684 213.719 -358
685 213.722 -373
686 213.726 -381
687 213.730 -422
688 213.733 -490
689 213.737 -411
690 213.740 -417
691 213.744 -443
692 213.748 -478
693 213.751 -462
694 213.755 -402
695 213.759 -315
696 213.762 -348
697 213.766 -383
698 213.769 -326
699 213.773 -263
700 213.777 -360
701 213.780 -402
702 213.784 -307
703 213.787 -350
704 213.791 -337
705 213.795 -322
706 213.798 -347
707 213.802 -260
708 213.806 -262
709 213.809 -383
710 213.813 -427
711 213.816 -342
712 213.820 -285
713 213.824 -237
714 213.827 -330
715 213.831 -420
716 213.834 -483
717 213.838 -413
718 213.842 -414
719 213.845 -415
720 213.849 -347
721 213.853 -275
722 213.856 -294
723 213.860 -304
724 213.863 -312
725 213.867 -385
726 213.871 -399
727 213.874 -341
728 213.878 -370
729 213.882 -441
730 213.885 -347
731 213.889 -455
732 213.892 -469
733 213.896 -539
734 213.900 -508
735 213.903 -487
736 213.907 -406
737 213.910 -403
738 213.914 -332
739 213.918 -315
740 213.921 -416
741 213.925 -467
742 213.929 -408
743 213.932 -359
744 213.936 -404
745 213.939 -523
746 213.943 -443
747 213.947 -416
748 213.950 -423
749 213.954 -489
750 213.958 -455
751 213.961 -400
752 213.965 -425
753 213.968 -318
754 213.972 -316
755 213.976 -315
756 213.979 -345
757 213.983 -282
758 213.987 -343
759 213.990 -332
760 213.994 -298
761 213.997 -330
762 214.001 -356
763 214.005 -418
764 214.008 -491
765 214.012 -451
766 214.016 -459
767 214.019 -515
768 214.023 -480
769 214.027 -413
770 214.030 -395
771 214.034 -337
772 214.037 -249
773 214.041 -276
774 214.045 -342
775 214.048 -323
776 214.052 -365
777 214.056 -398
778 214.059 -341
779 214.063 -323
780 214.066 -407
781 214.070 -427
782 214.074 -391
783 214.077 -423
784 214.081 -519
785 214.085 -575
786 214.088 -496
787 214.092 -497
788 214.095 -505
789 214.099 -446
790 214.103 -473
791 214.106 -365
792 214.110 -338
793 214.114 -264
794 214.117 -242
795 214.121 -278
796 214.125 -437
797 214.128 -455
798 214.132 -336
799 214.135 -177
800 214.139 -240
801 214.143 -335
802 214.146 -301
803 214.150 -311
804 214.154 -217
805 214.157 -260
806 214.161 -335
807 214.165 -313
808 214.168 -336
809 214.172 -282
810 214.175 -267
811 214.179 -224
812 214.183 -285
813 214.186 -243
814 214.190 -284
815 214.194 -358
816 214.197 -402
817 214.201 -439
818 214.205 -376
819 214.208 -331
820 214.212 -311
821 214.216 -248
822 214.219 -212
823 214.223 -237
824 214.226 -362
825 214.230 -367
826 214.234 -267
827 214.237 -388
828 214.241 -376
829 214.245 -273
830 214.248 -315
831 214.252 -392
832 214.256 -384
833 214.259 -431
834 214.263 -480
835 214.266 -459
836 214.270 -429
837 214.274 -269
838 214.277 -204
839 214.281 -327
840 214.285 -367
841 214.288 -382
842 214.292 -394
843 214.296 -379
844 214.299 -380
845 214.303 -322
846 214.307 -265
847 214.310 -232
848 214.314 -322
849 214.318 -397
850 214.321 -469
851 214.325 -389
852 214.328 -347
853 214.332 -301
854 214.336 -276
855 214.339 -250
856 214.343 -242
857 214.347 -199
858 214.350 -220
859 214.354 -242
860 214.358 -321
861 214.361 -339
862 214.365 -323
863 214.369 -227
864 214.372 -168
865 214.376 -271
866 214.380 -235
867 214.383 -251
868 214.387 -379
869 214.390 -314
870 214.394 -243
871 214.398 -203
872 214.401 -275
873 214.405 -333
874 214.409 -323
875 214.412 -293
876 214.416 -291
877 214.420 -331
878 214.423 -324
879 214.427 -294
880 214.431 -239
881 214.434 -368
882 214.438 -325
883 214.442 -388
884 214.445 -483
885 214.449 -306
886 214.453 -201
887 214.456 -136
888 214.460 -110
889 214.464 -82
890 214.467 -138
891 214.471 -134
892 214.475 -79
893 214.478 -112
894 214.482 -231
895 214.485 -251
896 214.489 -332
897 214.493 -379
898 214.496 -305
899 214.500 -217
900 214.504 -87
901 214.507 -130
902 214.511 -279
903 214.515 -143
904 214.518 -121
905 214.522 -270
906 214.526 -308
907 214.529 -273
908 214.533 -249
909 214.537 -291
910 214.540 -328
911 214.544 -341
912 214.548 -301
913 214.551 -299
914 214.555 -281
915 214.559 -314
916 214.562 -281
917 214.566 -217
918 214.570 -300
919 214.573 -386
920 214.577 -327
921 214.581 -284
922 214.584 -241
923 214.588 -258
924 214.592 -309
925 214.595 -297
926 214.599 -317
927 214.603 -302
928 214.606 -305
929 214.610 -228
930 214.614 -146
931 214.617 -138
932 214.621 -185
933 214.625 -284
934 214.628 -408
935 214.632 -312
936 214.636 -346
937 214.639 -307
938 214.643 -329
939 214.647 -308
940 214.650 -266
941 214.654 -280
942 214.658 -334
943 214.661 -371
944 214.665 -439
945 214.669 -424
946 214.672 -379
947 214.676 -302
948 214.680 -242
949 214.683 -286
950 214.687 -349
951 214.691 -359
952 214.694 -323
953 214.698 -212
954 214.702 -206
955 214.705 -221
956 214.709 -246
957 214.713 -260
958 214.716 -127
959 214.720 -200
960 214.724 -249
961 214.727 -177
962 214.731 -133
963 214.735 -122
964 214.738 -169
965 214.742 -120
966 214.746 -181
967 214.749 -194
968 214.753 -214
969 214.757 -264
970 214.760 -215
971 214.764 -251
972 214.768 -260
973 214.771 -228
974 214.775 -225
975 214.779 -203
976 214.782 -266
977 214.786 -220
978 214.790 -104
979 214.793 -43
980 214.797 -76
981 214.801 -47
982 214.804 79
983 214.808 61
984 214.812 -95
985 214.816 -49
986 214.819 -83
987 214.823 -51
988 214.827 -194
989 214.830 -229
990 214.834 -199
991 214.838 -164
992 214.841 -229
993 214.845 -166
994 214.849 -238
995 214.852 -282
996 214.856 -192
997 214.860 -257
998 214.863 -225
999 214.867 -161
1000 214.871 -213
1001 214.874 -220
1002 214.878 -180
1003 214.882 -125
1004 214.885 -133
1005 214.889 -261
1006 214.893 -338
1007 214.896 -275
1008 214.900 -202
1009 214.904 -169
1010 214.907 -114
1011 214.911 -28
1012 214.915 -181
1013 214.919 -363
1014 214.922 -277
1015 214.926 -211
1016 214.930 -202
1017 214.933 -272
1018 214.937 -209
1019 214.941 -224
1020 214.944 -279
1021 214.948 -159
1022 214.952 -210
1023 214.955 -262
1024 214.959 -264
1025 214.963 -261
1026 214.966 -184
1027 214.970 -186
1028 214.974 -252
1029 214.978 -248
1030 214.981 -189
1031 214.985 -166
1032 214.989 -142
1033 214.992 -184
1034 214.996 -162
1035 215.000 -102
1036 215.003 -161
1037 215.007 -187
1038 215.011 -258
1039 215.014 -224
1040 215.018 -210
1041 215.022 -275
1042 215.025 -202
1043 215.029 -176
1044 215.033 -236
1045 215.037 -203
1046 215.040 -208
1047 215.044 -186
1048 215.048 -107
1049 215.051 31
1050 215.055 95
1051 215.059 35
1052 215.062 71
1053 215.066 135
1054 215.070 86
1055 215.073 191
1056 215.077 433
1057 215.081 641
1058 215.085 963
1059 215.088 1423
1060 215.092 2167
1061 215.096 3286
1062 215.099 4505
1063 215.103 5809
1064 215.107 7284
1065 215.110 8381
1066 215.114 8937
1067 215.118 8975
1068 215.121 8702
1069 215.125 8313
1070 215.129 7824
1071 215.133 7384
1072 215.136 7223
1073 215.140 7304
1074 215.144 7770
1075 215.147 9001
1076 215.151 11171
1077 215.155 14913
1078 215.158 20662
1079 215.162 28760
1080 215.166 38568
1081 215.170 49201
1082 215.173 58871
1083 215.177 65975
1084 215.181 68903
1085 215.184 68079
1086 215.188 63666
1087 215.192 57080
1088 215.195 49678
1089 215.199 42304
1090 215.203 35881
1091 215.207 30577
1092 215.210 26522
1093 215.214 23699
1094 215.218 21890
1095 215.221 21463
1096 215.225 22598
1097 215.229 25363
1098 215.232 29505
1099 215.236 34702
1100 215.240 40013
1101 215.244 44587
1102 215.247 47260
1103 215.251 47761
1104 215.255 46092
1105 215.258 42946
1106 215.262 38758
1107 215.266 34086
1108 215.269 29496
1109 215.273 25374
1110 215.277 21713
1111 215.281 18617
1112 215.284 15944
1113 215.288 13759
1114 215.292 11952
1115 215.295 10400
1116 215.299 9175
1117 215.303 8144
1118 215.307 7468
1119 215.310 6969
1120 215.314 6459
1121 215.318 6064
1122 215.321 5654
1123 215.325 5343
1124 215.329 5093
1125 215.333 4812
1126 215.336 4615
1127 215.340 4406
1128 215.344 4224
1129 215.347 4050
1130 215.351 3897
1131 215.355 3814
1132 215.358 3698
1133 215.362 3671
1134 215.366 3749
1135 215.370 3799
1136 215.373 3713
1137 215.377 3571
1138 215.381 3591
1139 215.384 3686
1140 215.388 3753
1141 215.392 3849
1142 215.396 3831
1143 215.399 3743
1144 215.403 3817
1145 215.407 3863
1146 215.410 3984
1147 215.414 4149
1148 215.418 4215
1149 215.422 4291
1150 215.425 4354
1151 215.429 4340
1152 215.433 4401
1153 215.436 4572
1154 215.440 4863
1155 215.444 5206
1156 215.448 5590
1157 215.451 6173
1158 215.455 6861
1159 215.459 7423
1160 215.462 8005
1161 215.466 8754
1162 215.470 9659
1163 215.474 10761
1164 215.477 12322
1165 215.481 14468
1166 215.485 17350
1167 215.488 21203
1168 215.492 26316
1169 215.496 33122
1170 215.500 41646
1171 215.503 51337
1172 215.507 61324
1173 215.511 70607
1174 215.515 77652
1175 215.518 82227
1176 215.522 83502
1177 215.526 81838
1178 215.529 77881
1179 215.533 72725
1180 215.537 66819
1181 215.541 61412
1182 215.544 55938
1183 215.548 50592
1184 215.552 46544
1185 215.555 44233
1186 215.559 43178
1187 215.563 44096
1188 215.567 47697
1189 215.570 54538
1190 215.574 65210
1191 215.578 81097
1192 215.582 102848
1193 215.585 128727
1194 215.589 155335
1195 215.593 180502
1196 215.596 201158
1197 215.600 215601
1198 215.604 221163
1199 215.608 218738
1200 215.611 208682
1201 215.615 193548
1202 215.619 174656
1203 215.623 154941
1204 215.626 135265
1205 215.630 117009
1206 215.634 101030
1207 215.637 87200
1208 215.641 75400
1209 215.645 66179
1210 215.649 59243
1211 215.652 54691
1212 215.656 52130
1213 215.660 52522
1214 215.664 55479
1215 215.667 60960
1216 215.671 68896
1217 215.675 78524
1218 215.678 88391
1219 215.682 96924
1220 215.686 102495
1221 215.690 105088
1222 215.693 104613
1223 215.697 101638
1224 215.701 96070
1225 215.705 88560
1226 215.708 79631
1227 215.712 70454
1228 215.716 61462
1229 215.720 53390
1230 215.723 45824
1231 215.727 39414
1232 215.731 33905
1233 215.734 29378
1234 215.738 25643
1235 215.742 22632
1236 215.746 19987
1237 215.749 17918
1238 215.753 16121
1239 215.757 14534
1240 215.761 13324
1241 215.764 12300
1242 215.768 11360
1243 215.772 10584
1244 215.776 9994
1245 215.779 9536
1246 215.783 9087
1247 215.787 8693
1248 215.790 8400
1249 215.794 7969
1250 215.798 7787
1251 215.802 7621
1252 215.805 7352
1253 215.809 7207
1254 215.813 7035
1255 215.817 6884
1256 215.820 6718
1257 215.824 6679
1258 215.828 6555
1259 215.832 6430
1260 215.835 6376
1261 215.839 6227
1262 215.843 6204
1263 215.847 6268
1264 215.850 6340
1265 215.854 6323
1266 215.858 6343
1267 215.862 6331
1268 215.865 6366
1269 215.869 6462
1270 215.873 6479
1271 215.877 6543
1272 215.880 6612
1273 215.884 6749
1274 215.888 6826
1275 215.891 6931
1276 215.895 7050
1277 215.899 7291
1278 215.903 7397
1279 215.906 7566
1280 215.910 7741
1281 215.914 7985
1282 215.918 8256
1283 215.921 8637
1284 215.925 9017
1285 215.929 9333
1286 215.933 9820
1287 215.936 10327
1288 215.940 10856
1289 215.944 11408
1290 215.948 12161
1291 215.951 13193
1292 215.955 14126
1293 215.959 15264
1294 215.963 16613
1295 215.966 18201
1296 215.970 20213
1297 215.974 22983
1298 215.978 26463
1299 215.981 30739
1300 215.985 36060
1301 215.989 42982
1302 215.993 51532
1303 215.996 62006
1304 216.000 73827
1305 216.004 86460
1306 216.008 98888
1307 216.011 109822
1308 216.015 117879
1309 216.019 122735
1310 216.023 123888
1311 216.026 122342
1312 216.030 117750
1313 216.034 111439
1314 216.038 104208
1315 216.041 96714
1316 216.045 89388
1317 216.049 82863
1318 216.053 76932
1319 216.056 72261
1320 216.060 68561
1321 216.064 66292
1322 216.068 65270
1323 216.071 65679
1324 216.075 67753
1325 216.079 72146
1326 216.083 79103
1327 216.087 89032
1328 216.090 102470
1329 216.094 120268
1330 216.098 141875
1331 216.102 167721
1332 216.105 195960
1333 216.109 225271
1334 216.113 252281
1335 216.117 276066
1336 216.120 293229
1337 216.124 303786
1338 216.128 305570
1339 216.132 299697
1340 216.135 286766
1341 216.139 269755
1342 216.143 249398
1343 216.147 227681
1344 216.150 205257
1345 216.154 184288
1346 216.158 164082
1347 216.162 145905
1348 216.165 129536
1349 216.169 115497
1350 216.173 103415
1351 216.177 93510
1352 216.180 85399
1353 216.184 79125
1354 216.188 74585
1355 216.192 72190
1356 216.196 71678
1357 216.199 73338
1358 216.203 77155
1359 216.207 83086
1360 216.211 90869
1361 216.214 100722
1362 216.218 111646
1363 216.222 122979
1364 216.226 133284
1365 216.229 141730
1366 216.233 147655
1367 216.237 150876
1368 216.241 150495
1369 216.244 147161
1370 216.248 140790
1371 216.252 132549
1372 216.256 122884
1373 216.260 112838
1374 216.263 102529
1375 216.267 92304
1376 216.271 82470
1377 216.275 73625
1378 216.278 65418
1379 216.282 58173
1380 216.286 51745
1381 216.290 46033
1382 216.293 41087
1383 216.297 36890
1384 216.301 33109
1385 216.305 29859
1386 216.309 27069
1387 216.312 24742
1388 216.316 22586
1389 216.320 20741
1390 216.324 19199
1391 216.327 18199
1392 216.331 17229
1393 216.335 16203
1394 216.339 15381
1395 216.343 14593
1396 216.346 13891
1397 216.350 13285
1398 216.354 12772
1399 216.358 12328
1400 216.361 11951
1401 216.365 11652
1402 216.369 11315
1403 216.373 11063
1404 216.376 10796
1405 216.380 10471
1406 216.384 10169
1407 216.388 9952
1408 216.392 9828
1409 216.395 9728
1410 216.399 9479
1411 216.403 9340
1412 216.407 9203
1413 216.410 9114
1414 216.414 9020
1415 216.418 8914
1416 216.422 8794
1417 216.426 8628
1418 216.429 8579
1419 216.433 8590
1420 216.437 8635
1421 216.441 8612
1422 216.444 8601
1423 216.448 8529
1424 216.452 8480
1425 216.456 8382
1426 216.460 8479
1427 216.463 8552
1428 216.467 8593
1429 216.471 8597
1430 216.475 8713
1431 216.478 8709
1432 216.482 8779
1433 216.486 8865
1434 216.490 8971
1435 216.494 9078
1436 216.497 9197
1437 216.501 9388
1438 216.505 9526
1439 216.509 9579
1440 216.513 9682
1441 216.516 9859
1442 216.520 10014
1443 216.524 10233
1444 216.528 10497
1445 216.531 10723
1446 216.535 10858
1447 216.539 11144
1448 216.543 11517
1449 216.547 11904
1450 216.550 12213
1451 216.554 12625
1452 216.558 13000
1453 216.562 13539
1454 216.566 13991
1455 216.569 14488
1456 216.573 15127
1457 216.577 15771
1458 216.581 16442
1459 216.584 17246
1460 216.588 18320
1461 216.592 19458
1462 216.596 20603
1463 216.600 22179
1464 216.603 23832
1465 216.607 25680
1466 216.611 27769
1467 216.615 30341
1468 216.619 33202
1469 216.622 36808
1470 216.626 41050
1471 216.630 45971
1472 216.634 51788
1473 216.638 58806
1474 216.641 67107
1475 216.645 76663
1476 216.649 87624
1477 216.653 99880
1478 216.656 112610
1479 216.660 126046
1480 216.664 139501
1481 216.668 152478
1482 216.672 163964
1483 216.675 173844
1484 216.679 181051
1485 216.683 185935
1486 216.687 187822
1487 216.691 187042
1488 216.694 183479
1489 216.698 177925
1490 216.702 170356
1491 216.706 161490
1492 216.710 151503
1493 216.713 141467
1494 216.717 131407
1495 216.721 122032
1496 216.725 113367
1497 216.729 105819
1498 216.732 99258
1499 216.736 94102
1500 216.740 88516
1501 216.744 83810
1502 216.748 83877
1503 216.751 84286
1504 216.755 85148
1505 216.759 87271
1506 216.763 90603
1507 216.767 95130
1508 216.770 100997
1509 216.774 108731
1510 216.778 117894
1511 216.782 129466
1512 216.786 143415
1513 216.789 160056
1514 216.793 179224
1515 216.797 201256
1516 216.801 225756
1517 216.805 253131
1518 216.808 282011
1519 216.812 312710
1520 216.816 343506
1521 216.820 365892
1522 216.824 366033
1523 216.827 366127
1524 216.831 366246
1525 216.835 366651
1526 216.839 365955
1527 216.843 365441
1528 216.846 365610
1529 216.850 365904
1530 216.854 366047
1531 216.858 366581
1532 216.862 366521
1533 216.865 367061
1534 216.869 366956
1535 216.873 340339
1536 216.877 311977
1537 216.881 284931
1538 216.885 258746
1539 216.888 234346
1540 216.892 211422
1541 216.896 191054
1542 216.900 172783
1543 216.904 156960
1544 216.907 143230
1545 216.911 131488
1546 216.915 121557
1547 216.919 113467
1548 216.923 106719
1549 216.926 101311
1550 216.930 97230
1551 216.934 94578
1552 216.938 92768
1553 216.942 92246
1554 216.945 92752
1555 216.949 94633
1556 216.953 97588
1557 216.957 102067
1558 216.961 107523
1559 216.965 114047
1560 216.968 121482
1561 216.972 130304
1562 216.976 140069
1563 216.980 150982
1564 216.984 161663
1565 216.987 172087
1566 216.991 181489
1567 216.995 190651
1568 216.999 198666
1569 217.003 205812
1570 217.006 211792
1571 217.010 216834
1572 217.014 219956
1573 217.018 221924
1574 217.022 222105
1575 217.026 220735
1576 217.029 217245
1577 217.033 212122
1578 217.037 204675
1579 217.041 195392
1580 217.045 184624
1581 217.048 173532
1582 217.052 161725
1583 217.056 150067
1584 217.060 138332
1585 217.064 127493
1586 217.068 116927
1587 217.071 107172
1588 217.075 98105
1589 217.079 89742
1590 217.083 82105
1591 217.087 75198
1592 217.090 68920
1593 217.094 63303
1594 217.098 58404
1595 217.102 54134
1596 217.106 50279
1597 217.110 47050
1598 217.113 43969
1599 217.117 41169
1600 217.121 38927
1601 217.125 36718
1602 217.129 34630
1603 217.133 32967
1604 217.136 31581
1605 217.140 30308
1606 217.144 28994
1607 217.148 27740
1608 217.152 26730
1609 217.155 25704
1610 217.159 24777
1611 217.163 23910
1612 217.167 23040
1613 217.171 22391
1614 217.175 21774
1615 217.178 21177
1616 217.182 20556
1617 217.186 19923
1618 217.190 19476
1619 217.194 19040
1620 217.198 18550
1621 217.201 18074
1622 217.205 17532
1623 217.209 17222
1624 217.213 16831
1625 217.217 16570
1626 217.221 16284
1627 217.224 15898
1628 217.228 15567
1629 217.232 15345
1630 217.236 15054
1631 217.240 14846
1632 217.244 14652
1633 217.247 14401
1634 217.251 14161
1635 217.255 13928
1636 217.259 13714
1637 217.263 13493
1638 217.267 13290
1639 217.270 13097
1640 217.274 12948
1641 217.278 12917
1642 217.282 12791
1643 217.286 12534
1644 217.290 12406
1645 217.293 12338
1646 217.297 12160
1647 217.301 12047
1648 217.305 11988
1649 217.309 11915
1650 217.313 11788
1651 217.316 11741
1652 217.320 11686
1653 217.324 11671
1654 217.328 11678
1655 217.332 11600
1656 217.336 11474
1657 217.339 11535
1658 217.343 11576
1659 217.347 11416
1660 217.351 11226
1661 217.355 11148
1662 217.359 11051
1663 217.362 10960
1664 217.366 10874
1665 217.370 10896
1666 217.374 10947
1667 217.378 10962
1668 217.382 10842
1669 217.385 10747
1670 217.389 10787
1671 217.393 10786
1672 217.397 10732
1673 217.401 10709
1674 217.405 10662
1675 217.409 10596
1676 217.412 10594
1677 217.416 10618
1678 217.420 10723
1679 217.424 10684
1680 217.428 10701
1681 217.432 10713
1682 217.435 10782
1683 217.439 10747
1684 217.443 10763
1685 217.447 10718
1686 217.451 10480
1687 217.455 10246
1688 217.458 10052
1689 217.462 9887
1690 217.466 9781
1691 217.470 9821
1692 217.474 9799
1693 217.478 9902
1694 217.482 10024
1695 217.485 10266
1696 217.489 10542
1697 217.493 10833
1698 217.497 11016
1699 217.501 11145
1700 217.505 11188
1701 217.508 11321
1702 217.512 11332
1703 217.516 11317
1704 217.520 11464
1705 217.524 11335
1706 217.528 11397
1707 217.532 11381
1708 217.535 11492
1709 217.539 11671
1710 217.543 11802
1711 217.547 11872
1712 217.551 11943
1713 217.555 11995
1714 217.559 12038
1715 217.562 12066
1716 217.566 12074
1717 217.570 12120
1718 217.574 12190
1719 217.578 12374
1720 217.582 12470
1721 217.586 12691
1722 217.589 12967
1723 217.593 13118
1724 217.597 13199
1725 217.601 13319
1726 217.605 13389
1727 217.609 13567
1728 217.612 13749
1729 217.616 13827
1730 217.620 13963
1731 217.624 14211
1732 217.628 14359
1733 217.632 14454
1734 217.636 14661
1735 217.639 14831
1736 217.643 14973
1737 217.647 15152
1738 217.651 15356
1739 217.655 15524
1740 217.659 15774
1741 217.663 15972
1742 217.666 16100
1743 217.670 16306
1744 217.674 16569
1745 217.678 16804
1746 217.682 16936
1747 217.686 17189
1748 217.690 17450
1749 217.693 17684
1750 217.697 17879
1751 217.701 18179
1752 217.705 18438
1753 217.709 18686
1754 217.713 19063
1755 217.717 19446
1756 217.721 19651
1757 217.724 19985
1758 217.728 20180
1759 217.732 20511
1760 217.736 20852
1761 217.740 21229
1762 217.744 21526
1763 217.748 21940
1764 217.751 22380
1765 217.755 22736
1766 217.759 23092
1767 217.763 23501
1768 217.767 23815
1769 217.771 24274
1770 217.775 24825
1771 217.778 25273
1772 217.782 25761
1773 217.786 26295
1774 217.790 26830
1775 217.794 27385
1776 217.798 27865
1777 217.802 28390
1778 217.806 28980
1779 217.809 29618
1780 217.813 30317
1781 217.817 30966
1782 217.821 31696
1783 217.825 32445
1784 217.829 33158
1785 217.833 33922
1786 217.837 34825
1787 217.840 35687
1788 217.844 36590
1789 217.848 37501
1790 217.852 38376
1791 217.856 39348
1792 217.860 40511
1793 217.864 41666
1794 217.867 42647
1795 217.871 43901
1796 217.875 45208
1797 217.879 46555
1798 217.883 47922
1799 217.887 49416
1800 217.891 50895
1801 217.895 52420
1802 217.898 53938
1803 217.902 55444
1804 217.906 56894
1805 217.910 58489
1806 217.914 60158
1807 217.918 61973
1808 217.922 63711
1809 217.926 65554
1810 217.929 67433
1811 217.933 69406
1812 217.937 71152
1813 217.941 73131
1814 217.945 75118
1815 217.949 77144
1816 217.953 79213
1817 217.957 81345
1818 217.960 83346
1819 217.964 85423
1820 217.968 87506
1821 217.972 89771
1822 217.976 91697
1823 217.980 93781
1824 217.984 95976
1825 217.988 98251
1826 217.992 100451
1827 217.995 102898
1828 217.999 105173
1829 218.003 107401
1830 218.007 109731
1831 218.011 112037
1832 218.015 114359
1833 218.019 117016
1834 218.023 119348
1835 218.026 121698
1836 218.030 123786
1837 218.034 125947
1838 218.038 128223
1839 218.042 130653
1840 218.046 132767
1841 218.050 135046
1842 218.054 136911
1843 218.058 139021
1844 218.061 141137
1845 218.065 143210
1846 218.069 145344
1847 218.073 147533
1848 218.077 149375
1849 218.081 151201
1850 218.085 152950
1851 218.089 154849
1852 218.093 156644
1853 218.096 158713
1854 218.100 160451
1855 218.104 162380
1856 218.108 164022
1857 218.112 165835
1858 218.116 167454
1859 218.120 169196
1860 218.124 170567
1861 218.127 172108
1862 218.131 173097
1863 218.135 174237
1864 218.139 175212
1865 218.143 176698
1866 218.147 177815
1867 218.151 179216
1868 218.155 180222
1869 218.159 181331
1870 218.163 182119
1871 218.166 182901
1872 218.170 183516
1873 218.174 184232
1874 218.178 184695
1875 218.182 185374
1876 218.186 186055
1877 218.190 187154
1878 218.194 188111
1879 218.198 189054
1880 218.201 189995
1881 218.205 190987
1882 218.209 191628
1883 218.213 191943
1884 218.217 191776
1885 218.221 191871
1886 218.225 191879
1887 218.229 192307
1888 218.233 192817
1889 218.237 193651
1890 218.240 194333
1891 218.244 195317
1892 218.248 196055
1893 218.252 196881
1894 218.256 197611
1895 218.260 198721
1896 218.264 199391
1897 218.268 199922
1898 218.272 200145
1899 218.275 200708
1900 218.279 201179
1901 218.283 201818
1902 218.287 202327
1903 218.291 203181
1904 218.295 203833
1905 218.299 204755
1906 218.303 205253
1907 218.307 205666
1908 218.311 206015
1909 218.314 206458
1910 218.318 206480
1911 218.322 206907
1912 218.326 206914
1913 218.330 207241
1914 218.334 207412
1915 218.338 207842
1916 218.342 207949
1917 218.346 208598
1918 218.350 209132
1919 218.354 209713
1920 218.357 209937
1921 218.361 210397
1922 218.365 210638
1923 218.369 210938
1924 218.373 210766
1925 218.377 210805
1926 218.381 210632
1927 218.385 210291
1928 218.389 209586
1929 218.393 209489
1930 218.396 208902
1931 218.400 208629
1932 218.404 207895
1933 218.408 207192
1934 218.412 206384
1935 218.416 205725
1936 218.420 204811
1937 218.424 204298
1938 218.428 203517
1939 218.432 202957
1940 218.436 202338
1941 218.439 201851
1942 218.443 201019
1943 218.447 200204
1944 218.451 199069
1945 218.455 198144
1946 218.459 196759
1947 218.463 195493
1948 218.467 193913
1949 218.471 192448
1950 218.475 190579
1951 218.479 189143
1952 218.483 187435
1953 218.486 185835
1954 218.490 183601
1955 218.494 181504
1956 218.498 179291
1957 218.502 177532
1958 218.506 175405
1959 218.510 173455
1960 218.514 171172
1961 218.518 169109
1962 218.522 166946
1963 218.526 164907
1964 218.529 162751
1965 218.533 160765
1966 218.537 158687
1967 218.541 156769
1968 218.545 154574
1969 218.549 152266
1970 218.553 149956
1971 218.557 147835
1972 218.561 145544
1973 218.565 143451
1974 218.569 141011
1975 218.573 138515
1976 218.576 135945
1977 218.580 133310
1978 218.584 130306
1979 218.588 127683
1980 218.592 124874
1981 218.596 122393
1982 218.600 119842
1983 218.604 117430
1984 218.608 114806
1985 218.612 112455
1986 218.616 110148
1987 218.620 107823
1988 218.624 105402
1989 218.627 103193
1990 218.631 100738
1991 218.635 98373
1992 218.639 95970
1993 218.643 93713
1994 218.647 91216
1995 218.651 89010
1996 218.655 86734
1997 218.659 84538
1998 218.663 82296
1999 218.667 80103
2000 218.671 77967
2001 218.675 75879
2002 218.678 73603
2003 218.682 71595
2004 218.686 69648
2005 218.690 67908
2006 218.694 65992
2007 218.698 64185
2008 218.702 62402
2009 218.706 60707
2010 218.710 58844
2011 218.714 57388
2012 218.718 55946
2013 218.722 54653
2014 218.726 53092
2015 218.730 51477
2016 218.733 49934
2017 218.737 50596
2018 218.741 51783
2019 218.745 47783
2020 218.749 45501
2021 218.753 43808
2022 218.757 42465
2023 218.761 41234
2024 218.765 39973
2025 218.769 38875
2026 218.773 37685
2027 218.777 36676
2028 218.781 35628
2029 218.785 34783
2030 218.789 33921
2031 218.792 33234
2032 218.796 32389
2033 218.800 31601
2034 218.804 30809
2035 218.808 30050
2036 218.812 29314
2037 218.816 28607
2038 218.820 27862
2039 218.824 27151
2040 218.828 26321
2041 218.832 25841
2042 218.836 25252
2043 218.840 24663
2044 218.844 24054
2045 218.848 23552
2046 218.851 23115
2047 218.855 22644
2048 218.859 22203
2049 218.863 21663
2050 218.867 21268
2051 218.871 20701
2052 218.875 20336
2053 218.879 20141
2054 218.883 19780
2055 218.887 19371
2056 218.891 18896
2057 218.895 18437
2058 218.899 18126
2059 218.903 17846
2060 218.907 17591
2061 218.911 17230
2062 218.915 16757
2063 218.918 16299
2064 218.922 15944
2065 218.926 15881
2066 218.930 15751
2067 218.934 15437
2068 218.938 15102
2069 218.942 14784
2070 218.946 14464
2071 218.950 14168
2072 218.954 13846
2073 218.958 13624
2074 218.962 13414
2075 218.966 13162
2076 218.970 12956
2077 218.974 12849
2078 218.978 12772
2079 218.982 12755
2080 218.986 12651
2081 218.989 12493
2082 218.993 12235
2083 218.997 12170
2084 219.001 12028
2085 219.005 11934
2086 219.009 11952
2087 219.013 11873
2088 219.017 11667
2089 219.021 11539
2090 219.025 11318
2091 219.029 11255
2092 219.033 11164
2093 219.037 11045
2094 219.041 10982
2095 219.045 10906
2096 219.049 10819
2097 219.053 10757
2098 219.057 10533
2099 219.061 10546
2100 219.065 10487
2101 219.068 10516
2102 219.072 10420
2103 219.076 10125
2104 219.080 9974
2105 219.084 9972
2106 219.088 9923
2107 219.092 9960
2108 219.096 9914
2109 219.100 9708
2110 219.104 9509
2111 219.108 9412
2112 219.112 9331
2113 219.116 9326
2114 219.120 9283
2115 219.124 9215
2116 219.128 9117
2117 219.132 9013
2118 219.136 8974
2119 219.140 8951
2120 219.144 8932
2121 219.148 8981
2122 219.152 9025
2123 219.155 8849
2124 219.159 8737
2125 219.163 8771
2126 219.167 8801
2127 219.171 8831
2128 219.175 8783
2129 219.179 8650
2130 219.183 8557
2131 219.187 8600
2132 219.191 8536
2133 219.195 8527
2134 219.199 8501
2135 219.203 8428
2136 219.207 8356
2137 219.211 8263
2138 219.215 8181
2139 219.219 8123
2140 219.223 7946
2141 219.227 7837
2142 219.231 7887
2143 219.235 7935
2144 219.239 7972
2145 219.243 8101
2146 219.247 8066
2147 219.251 8144
2148 219.255 8071
2149 219.259 8124
2150 219.262 8038
2151 219.266 8027
2152 219.270 8002
2153 219.274 7912
2154 219.278 7869
2155 219.282 7865
2156 219.286 7821
2157 219.290 7811
2158 219.294 7832
2159 219.298 7943
2160 219.302 7965
2161 219.306 7910
2162 219.310 7909
2163 219.314 7910
2164 219.318 7931
2165 219.322 8002
2166 219.326 8001
2167 219.330 8024
2168 219.334 8115
2169 219.338 8182
2170 219.342 8180
2171 219.346 8274
2172 219.350 8317
2173 219.354 8220
2174 219.358 8242
2175 219.362 8222
2176 219.366 8345
2177 219.370 8409
2178 219.374 8442
2179 219.378 8572
2180 219.382 8550
2181 219.386 8490
2182 219.390 8575
2183 219.393 8720
2184 219.397 8839
2185 219.401 8971
2186 219.405 9027
2187 219.409 9113
2188 219.413 9210
2189 219.417 9362
2190 219.421 9396
2191 219.425 9583
2192 219.429 9859
2193 219.433 10017
2194 219.437 10105
2195 219.441 10193
2196 219.445 10309
2197 219.449 10486
2198 219.453 10660
2199 219.457 10888
2200 219.461 11186
2201 219.465 11401
2202 219.469 11659
2203 219.473 11958
2204 219.477 12054
2205 219.481 12120
2206 219.485 12162
2207 219.489 12115
2208 219.493 12109
2209 219.497 12276
2210 219.501 12514
2211 219.505 12779
2212 219.509 13315
2213 219.513 14038
2214 219.517 14730
2215 219.521 15476
2216 219.525 16289
2217 219.529 17126
2218 219.533 17954
2219 219.537 18668
2220 219.541 19527
2221 219.545 20346
2222 219.549 21217
2223 219.553 22272
2224 219.557 23307
2225 219.561 24629
2226 219.565 26017
2227 219.569 27704
2228 219.573 29461
2229 219.577 31404
2230 219.581 33546
2231 219.585 36060
2232 219.589 38944
2233 219.593 42189
2234 219.597 45829
2235 219.601 50304
2236 219.605 55213
2237 219.609 60691
2238 219.612 66732
2239 219.616 73789
2240 219.620 81805
2241 219.624 90631
2242 219.628 99678
2243 219.632 109134
2244 219.636 118851
2245 219.640 128612
2246 219.644 138024
2247 219.648 147297
2248 219.652 155138
2249 219.656 161460
2250 219.660 166020
2251 219.664 169014
2252 219.668 169596
2253 219.672 168420
2254 219.676 164920
2255 219.680 159124
2256 219.684 151330
2257 219.688 142758
2258 219.692 133572
2259 219.696 123927
2260 219.700 114597
2261 219.704 106079
2262 219.708 97984
2263 219.712 90868
2264 219.716 84740
2265 219.720 79479
2266 219.724 74875
2267 219.728 71229
2268 219.732 67798
2269 219.736 65076
2270 219.740 62953
2271 219.744 61520
2272 219.748 60706
2273 219.752 60642
2274 219.756 61238
2275 219.760 62366
2276 219.764 64113
2277 219.768 66713
2278 219.772 70104
2279 219.776 74340
2280 219.780 79411
2281 219.784 85788
2282 219.788 93406
2283 219.792 102505
2284 219.796 113185
2285 219.800 126037
2286 219.804 140531
2287 219.808 157440
2288 219.812 175957
2289 219.816 196647
2290 219.820 218845
2291 219.824 241986
2292 219.828 264456
2293 219.832 286592
2294 219.836 306926
2295 219.840 324917
2296 219.844 338687
2297 219.848 347098
2298 219.852 348330
2299 219.856 344572
2300 219.860 335472
2301 219.864 322206
2302 219.868 304952
2303 219.872 285991
2304 219.876 264913
2305 219.880 243609
2306 219.884 221531
2307 219.888 200164
2308 219.892 179123
2309 219.896 159435
2310 219.900 141141
2311 219.904 125004
2312 219.908 111101
2313 219.912 99470
2314 219.916 89495
2315 219.920 81199
2316 219.925 74361
2317 219.929 68915
2318 219.933 64414
2319 219.937 60761
2320 219.941 57910
2321 219.945 55906
2322 219.949 54848
2323 219.953 54411
2324 219.957 54491
2325 219.961 55541
2326 219.965 57149
2327 219.969 59766
2328 219.973 63465
2329 219.977 68331
2330 219.981 74181
2331 219.985 81242
2332 219.989 89364
2333 219.993 98397
2334 219.997 107842
2335 220.001 117531
2336 220.005 126594
2337 220.009 134859
2338 220.013 141222
2339 220.017 145433
2340 220.021 146633
2341 220.025 145149
2342 220.029 140797
2343 220.033 134265
2344 220.037 125431
2345 220.041 115576
2346 220.045 104860
2347 220.049 94018
2348 220.053 83163
2349 220.057 73287
2350 220.061 64270
2351 220.065 56461
2352 220.069 49579
2353 220.073 43527
2354 220.077 38535
2355 220.081 34377
2356 220.085 30827
2357 220.089 27763
2358 220.093 25105
2359 220.097 23008
2360 220.101 21137
2361 220.105 19583
2362 220.109 18210
2363 220.113 16985
2364 220.117 16125
2365 220.121 15463
2366 220.125 14275
2367 220.129 13313
2368 220.133 12609
2369 220.137 12042
2370 220.141 11533
2371 220.146 11099
2372 220.150 10611
2373 220.154 10173
2374 220.158 9832
2375 220.162 9554
2376 220.166 9284
2377 220.170 9006
2378 220.174 8755
2379 220.178 8634
2380 220.182 8399
2381 220.186 8152
2382 220.190 7991
2383 220.194 7715
2384 220.198 7416
2385 220.202 7320
2386 220.206 7321
2387 220.210 7116
2388 220.214 6930
2389 220.218 6665
2390 220.222 6353
2391 220.226 5878
2392 220.230 5408
2393 220.234 4999
2394 220.238 4646
2395 220.242 4557
2396 220.246 4608
2397 220.250 4692
2398 220.254 5064
2399 220.258 5313
2400 220.262 5599
2401 220.266 5910
2402 220.270 6029
2403 220.274 6137
2404 220.279 6207
2405 220.283 6277
2406 220.287 6273
2407 220.291 6198
2408 220.295 6220
2409 220.299 6253
2410 220.303 6251
2411 220.307 6292
2412 220.311 6319
2413 220.315 6301
2414 220.319 6251
2415 220.323 6381
2416 220.327 6492
2417 220.331 6633
2418 220.335 6737
2419 220.339 6877
2420 220.343 7084
2421 220.347 7128
2422 220.351 7272
2423 220.355 7325
2424 220.359 7498
2425 220.363 7639
2426 220.367 7917
2427 220.371 8204
2428 220.375 8297
2429 220.379 8596
2430 220.384 8970
2431 220.388 9401
2432 220.392 9782
2433 220.396 10109
2434 220.400 10476
2435 220.404 10961
2436 220.408 11574
2437 220.412 12205
2438 220.416 12865
2439 220.420 13877
2440 220.424 14762
2441 220.428 15663
2442 220.432 16939
2443 220.436 18362
2444 220.440 20050
2445 220.444 22264
2446 220.448 24898
2447 220.452 28024
2448 220.456 31769
2449 220.460 36621
2450 220.464 42237
2451 220.468 48964
2452 220.473 56712
2453 220.477 65634
2454 220.481 75248
2455 220.485 85641
2456 220.489 95460
2457 220.493 104013
2458 220.497 110390
2459 220.501 114174
2460 220.505 114725
2461 220.509 112411
2462 220.513 107027
2463 220.517 99546
2464 220.521 90614
2465 220.525 81330
2466 220.529 72083
2467 220.533 63896
2468 220.537 56920
2469 220.541 51594
2470 220.545 47350
2471 220.550 44873
2472 220.554 43540
2473 220.558 43310
2474 220.562 44272
2475 220.566 46383
2476 220.570 49432
2477 220.574 53888
2478 220.578 59764
2479 220.582 67465
2480 220.586 77324
2481 220.590 89944
2482 220.594 104554
2483 220.598 121364
2484 220.602 139894
2485 220.606 159444
2486 220.610 177626
2487 220.614 193591
2488 220.618 205064
2489 220.623 211016
2490 220.627 209979
2491 220.631 202867
2492 220.635 189804
2493 220.639 172878
2494 220.643 153282
2495 220.647 133189
2496 220.651 113586
2497 220.655 96514
2498 220.659 81614
2499 220.663 69651
2500 220.667 60009
2501 220.671 52515
2502 220.675 46477
2503 220.679 42341
2504 220.683 39597
2505 220.688 37953
2506 220.692 37148
2507 220.696 37382
2508 220.700 38601
2509 220.704 40971
2510 220.708 44651
2511 220.712 49412
2512 220.716 55079
2513 220.720 61868
2514 220.724 68914
2515 220.728 76005
2516 220.732 81518
2517 220.736 85252
2518 220.740 86422
2519 220.744 85216
2520 220.748 81098
2521 220.753 74885
2522 220.757 67165
2523 220.761 58653
2524 220.765 50037
2525 220.769 42125
2526 220.773 35432
2527 220.777 29747
2528 220.781 25238
2529 220.785 21521
2530 220.789 18442
2531 220.793 16066
2532 220.797 14186
2533 220.801 12624
2534 220.805 11225
2535 220.810 10071
2536 220.814 9127
2537 220.818 8260
2538 220.822 7521
2539 220.826 7137
2540 220.830 6690
2541 220.834 6233
2542 220.838 5796
2543 220.842 5537
2544 220.846 5322
2545 220.850 5115
2546 220.854 4935
2547 220.858 4807
2548 220.862 4640
2549 220.867 4442
2550 220.871 4361
2551 220.875 4262
2552 220.879 4081
2553 220.883 3977
2554 220.887 3988
2555 220.891 3918
2556 220.895 3805
2557 220.899 3710
2558 220.903 3669
2559 220.907 3627
2560 220.911 3495
2561 220.916 3389
2562 220.920 3340
2563 220.924 3274
2564 220.928 3220
2565 220.932 3292
2566 220.936 3372
2567 220.940 3302
2568 220.944 3232
2569 220.948 3329
2570 220.952 3383
2571 220.956 3445
2572 220.960 3484
2573 220.964 3533
2574 220.969 3629
2575 220.973 3652
2576 220.977 3636
2577 220.981 3703
2578 220.985 3750
2579 220.989 3873
2580 220.993 4033
2581 220.997 4150
2582 221.001 4271
2583 221.005 4459
2584 221.009 4670
2585 221.013 4933
2586 221.018 5107
2587 221.022 5406
2588 221.026 5831
2589 221.030 6314
2590 221.034 6805
2591 221.038 7298
2592 221.042 8048
2593 221.046 8886
2594 221.050 9805
2595 221.054 10945
2596 221.058 12512
2597 221.063 14653
2598 221.067 17301
2599 221.071 20297
2600 221.075 24002
2601 221.079 28537
2602 221.083 33648
2603 221.087 39318
2604 221.091 44854
2605 221.095 50008
2606 221.099 53840
2607 221.103 55818
2608 221.108 55471
2609 221.112 53362
2610 221.116 49369
2611 221.120 44392
2612 221.124 39087
2613 221.128 34203
2614 221.132 30101
2615 221.136 26921
2616 221.140 24839
2617 221.144 23667
2618 221.148 23436
2619 221.153 24280
2620 221.157 26002
2621 221.161 28753
2622 221.165 32445
2623 221.169 37259
2624 221.173 43238
2625 221.177 50594
2626 221.181 58954
2627 221.185 68353
2628 221.189 77353
2629 221.194 85049
2630 221.198 89715
2631 221.202 90974
2632 221.206 88086
2633 221.210 82004
2634 221.214 73208
2635 221.218 63479
2636 221.222 53634
2637 221.226 44634
2638 221.230 36836
2639 221.235 30841
2640 221.239 26069
2641 221.243 22676
2642 221.247 20337
2643 221.251 18898
2644 221.255 18356
2645 221.259 18529
2646 221.263 19461
2647 221.267 21187
2648 221.271 23411
2649 221.276 26252
2650 221.280 29385
2651 221.284 32766
2652 221.288 35773
2653 221.292 37981
2654 221.296 38482
2655 221.300 37451
2656 221.304 34946
2657 221.308 31368
2658 221.313 27122
2659 221.317 22732
2660 221.321 18790
2661 221.325 15411
2662 221.329 12614
2663 221.333 10419
2664 221.337 8765
2665 221.341 7400
2666 221.345 6286
2667 221.350 5508
2668 221.354 4868
2669 221.358 4271
2670 221.362 3833
2671 221.366 3556
2672 221.370 3219
2673 221.374 3030
2674 221.378 2783
2675 221.382 2609
2676 221.387 2522
2677 221.391 2233
2678 221.395 2005
2679 221.399 1936
2680 221.403 1812
2681 221.407 1645
2682 221.411 1625
2683 221.415 1486
2684 221.419 1413
2685 221.424 1398
2686 221.428 1452
2687 221.432 1350
2688 221.436 1297
2689 221.440 1292
2690 221.444 1191
2691 221.448 1215
2692 221.452 1224
2693 221.456 1132
2694 221.461 1116
2695 221.465 1152
2696 221.469 1121
2697 221.473 1197
2698 221.477 1102
2699 221.481 1110
2700 221.485 1272
2701 221.489 1306
2702 221.494 1263
2703 221.498 1241
2704 221.502 1193
2705 221.506 1289
2706 221.510 1310
2707 221.514 1402
2708 221.518 1513
2709 221.522 1535
2710 221.527 1625
2711 221.531 1747
2712 221.535 1979
2713 221.539 2140
2714 221.543 2316
2715 221.547 2654
2716 221.551 3074
2717 221.555 3714
2718 221.559 4487
2719 221.564 5155
2720 221.568 6174
2721 221.572 7494
2722 221.576 8988
2723 221.580 11001
2724 221.584 13335
2725 221.588 15886
2726 221.592 18277
2727 221.597 20015
2728 221.601 20877
2729 221.605 21115
2730 221.609 20305
2731 221.613 18702
2732 221.617 16654
2733 221.621 14701
2734 221.626 12880
2735 221.630 11219
2736 221.634 10096
2737 221.638 9479
2738 221.642 9363
2739 221.646 9876
2740 221.650 10807
2741 221.654 12352
2742 221.659 14559
2743 221.663 17237
2744 221.667 20378
2745 221.671 24052
2746 221.675 27765
2747 221.679 30846
2748 221.683 32745
2749 221.687 33296
2750 221.692 32158
2751 221.696 29465
2752 221.700 25564
2753 221.704 21431
2754 221.708 17707
2755 221.712 14568
2756 221.716 11956
2757 221.721 10168
2758 221.725 8866
2759 221.729 8132
2760 221.733 7800
2761 221.737 7984
2762 221.741 8716
2763 221.745 9854
2764 221.750 11205
2765 221.754 12684
2766 221.758 14115
2767 221.762 15197
2768 221.766 15612
2769 221.770 15583
2770 221.774 14803
2771 221.778 13353
2772 221.783 11452
2773 221.787 9341
2774 221.791 7634
2775 221.795 6054
2776 221.799 4675
2777 221.803 3841
2778 221.807 3196
2779 221.812 2558
2780 221.816 2049
2781 221.820 1760
2782 221.824 1495
2783 221.828 1180
2784 221.832 1056
2785 221.836 1037
2786 221.841 721
2787 221.845 503
2788 221.849 572
2789 221.853 519
2790 221.857 429
2791 221.861 354
2792 221.866 292
2793 221.870 237
2794 221.874 156
2795 221.878 194
2796 221.882 174
2797 221.886 233
2798 221.890 218
2799 221.895 148
2800 221.899 127
2801 221.903 135
2802 221.907 124
2803 221.911 177
2804 221.915 191
2805 221.919 133
2806 221.924 90
2807 221.928 70
2808 221.932 67
2809 221.936 81
2810 221.940 113
2811 221.944 117
2812 221.948 149
2813 221.953 143
2814 221.957 108
2815 221.961 202
2816 221.965 188
2817 221.969 128
2818 221.973 142
2819 221.978 194
2820 221.982 253
2821 221.986 371
2822 221.990 470
2823 221.994 623
2824 221.998 852
2825 222.002 1209
2826 222.007 1547
2827 222.011 1989
2828 222.015 2674
2829 222.019 3262
2830 222.023 3897
2831 222.027 4808
2832 222.032 5698
2833 222.036 6177
2834 222.040 6258
2835 222.044 6029
2836 222.048 5583
2837 222.052 4869
2838 222.057 3994
2839 222.061 3284
2840 222.065 2737
2841 222.069 2437
2842 222.073 2169
2843 222.077 2216
2844 222.081 2385
2845 222.086 2671
2846 222.090 3099
2847 222.094 3795
2848 222.098 4437
2849 222.102 5106
2850 222.106 5642
2851 222.111 6128
2852 222.115 6286
2853 222.119 6217
2854 222.123 5763
2855 222.127 5033
2856 222.131 4262
2857 222.136 3504
2858 222.140 2810
2859 222.144 2175
2860 222.148 1665
2861 222.152 1392
2862 222.156 1271
2863 222.161 1179
2864 222.165 1098
2865 222.169 1205
2866 222.173 1366
2867 222.177 1652
2868 222.181 1920
2869 222.186 2091
2870 222.190 2182
2871 222.194 2135
2872 222.198 1926
2873 222.202 1517
2874 222.206 989
2875 222.211 637
2876 222.215 542
2877 222.219 395
2878 222.223 96
2879 222.227 -66
2880 222.231 -249
2881 222.236 -374
2882 222.240 -450
2883 222.244 -378
2884 222.248 -381
2885 222.252 -393
2886 222.257 -462
2887 222.261 -476
2888 222.265 -468
2889 222.269 -487
2890 222.273 -561
2891 222.277 -624
2892 222.282 -454
2893 222.286 -469
2894 222.290 -602
2895 222.294 -689
2896 222.298 -673
2897 222.302 -564
2898 222.307 -533
2899 222.311 -619
2900 222.315 -748
2901 222.319 -701
2902 222.323 -623
2903 222.328 -611
2904 222.332 -632
2905 222.336 -594
2906 222.340 -598
2907 222.344 -629
2908 222.348 -719
2909 222.353 -727
2910 222.357 -609
2911 222.361 -590
2912 222.365 -657
2913 222.369 -689
2914 222.374 -645
2915 222.378 -569
2916 222.382 -589
2917 222.386 -583
2918 222.390 -537
2919 222.394 -541
2920 222.399 -512
2921 222.403 -521
2922 222.407 -499
2923 222.411 -388
2924 222.415 -337
2925 222.420 -244
2926 222.424 -312
2927 222.428 -421
2928 222.432 -452
2929 222.436 -512
2930 222.440 -430
2931 222.445 -456
2932 222.449 -524
2933 222.453 -522
2934 222.457 -488
2935 222.461 -462
2936 222.466 -383
2937 222.470 -259
2938 222.474 -192
2939 222.478 -202
2940 222.482 -251
2941 222.487 -251
2942 222.491 -267
2943 222.495 -317
2944 222.499 -409
2945 222.503 -453
2946 222.507 -388
2947 222.512 -413
2948 222.516 -399
2949 222.520 -386
2950 222.524 -530
2951 222.528 -585
2952 222.533 -459
2953 222.537 -423
2954 222.541 -397
2955 222.545 -446
2956 222.549 -510
2957 222.554 -453
2958 222.558 -431
2959 222.562 -521
2960 222.566 -586
2961 222.570 -576
2962 222.575 -624
2963 222.579 -718
2964 222.583 -705
2965 222.587 -712
2966 222.591 -690
2967 222.596 -615
2968 222.600 -699
2969 222.604 -630
2970 222.608 -623
2971 222.612 -733
2972 222.617 -809
2973 222.621 -779
2974 222.625 -773
2975 222.629 -774
2976 222.633 -762
2977 222.638 -788
2978 222.642 -776
2979 222.646 -707
2980 222.650 -701
2981 222.654 -693
2982 222.659 -748
2983 222.663 -772
2984 222.667 -792
2985 222.671 -749
2986 222.675 -762
2987 222.680 -838
2988 222.684 -875
2989 222.688 -796
2990 222.692 -759
2991 222.696 -778
2992 222.701 -757
2993 222.705 -807
2994 222.709 -814
2995 222.713 -658
2996 222.717 -640
2997 222.722 -780
2998 222.726 -747
2999 222.730 -740
3000 222.734 -726
3001 222.738 -794
3002 222.743 -750
3003 222.747 -708
3004 222.751 -714
3005 222.755 -630
3006 222.760 -621
3007 222.764 -686
3008 222.768 -633
3009 222.772 -519
3010 222.776 -565
3011 222.781 -576
3012 222.785 -719
3013 222.789 -778
3014 222.793 -735
3015 222.797 -668
3016 222.802 -724
3017 222.806 -834
3018 222.810 -862
3019 222.814 -756
3020 222.818 -654
3021 222.823 -690
3022 222.827 -815
3023 222.831 -804
3024 222.835 -765
3025 222.840 -701
3026 222.844 -822
3027 222.848 -794
3028 222.852 -685
3029 222.856 -718
3030 222.861 -730
3031 222.865 -763
3032 222.869 -791
3033 222.873 -775
3034 222.877 -777
3035 222.882 -765
3036 222.886 -741
3037 222.890 -696
3038 222.894 -810
3039 222.899 -801
3040 222.903 -717
3041 222.907 -702
3042 222.911 -728
3043 222.915 -701
3044 222.920 -760
3045 222.924 -786
3046 222.928 -779
3047 222.932 -734
3048 222.937 -789
3049 222.941 -802
3050 222.945 -718
3051 222.949 -671
3052 222.953 -701
3053 222.958 -811
3054 222.962 -793
3055 222.966 -749
3056 222.970 -800
3057 222.975 -814
3058 222.979 -800
3059 222.983 -849
3060 222.987 -969
3061 222.991 -954
3062 222.996 -874
3063 223.000 -873
3064 223.004 -909
3065 223.008 -863
3066 223.013 -918
3067 223.017 -983
3068 223.021 -923
3069 223.025 -919
3070 223.030 -930
3071 223.034 -782
3072 223.038 -807
3073 223.042 -879
3074 223.046 -845
3075 223.051 -744
3076 223.055 -849
3077 223.059 -790
3078 223.063 -740
3079 223.068 -771
3080 223.072 -726
3081 223.076 -680
3082 223.080 -787
3083 223.085 -926
3084 223.089 -803
3085 223.093 -740
3086 223.097 -814
3087 223.101 -831
3088 223.106 -835
3089 223.110 -830
3090 223.114 -700
3091 223.118 -812
3092 223.123 -904
3093 223.127 -922
3094 223.131 -953
3095 223.135 -893
3096 223.140 -896
3097 223.144 -870
3098 223.148 -744
3099 223.152 -689
3100 223.157 -705
3101 223.161 -735
3102 223.165 -706
3103 223.169 -714
3104 223.173 -792
3105 223.178 -802
3106 223.182 -836
3107 223.186 -915
3108 223.190 -970
3109 223.195 -978
3110 223.199 -950
3111 223.203 -855
3112 223.207 -826
3113 223.212 -873
3114 223.216 -871
3115 223.220 -864
3116 223.224 -814
3117 223.229 -901
3118 223.233 -863
3119 223.237 -809
3120 223.241 -884
3121 223.246 -960
3122 223.250 -1047
3123 223.254 -1069
3124 223.258 -900
3125 223.263 -788
3126 223.267 -793
3127 223.271 -801
3128 223.275 -769
3129 223.280 -767
3130 223.284 -793
3131 223.288 -828
3132 223.292 -914
3133 223.297 -919
3134 223.301 -858
3135 223.305 -757
3136 223.309 -753
3137 223.314 -775
3138 223.318 -854
3139 223.322 -815
3140 223.326 -740
3141 223.331 -763
3142 223.335 -857
3143 223.339 -860
3144 223.343 -914
3145 223.348 -942
3146 223.352 -867
3147 223.356 -871
3148 223.360 -866
3149 223.365 -846
3150 223.369 -898
3151 223.373 -903
3152 223.377 -933
3153 223.382 -900
3154 223.386 -869
3155 223.390 -888
3156 223.394 -900
3157 223.399 -858
3158 223.403 -804
3159 223.407 -798
3160 223.411 -766
3161 223.416 -840
3162 223.420 -919
3163 223.424 -828
3164 223.428 -741
3165 223.433 -796
3166 223.437 -897
3167 223.441 -907
3168 223.445 -939
3169 223.450 -984
3170 223.454 -959
3171 223.458 -974
3172 223.462 -971
3173 223.467 -804
3174 223.471 -740
3175 223.475 -770
3176 223.479 -909
3177 223.484 -950
3178 223.488 -907
3179 223.492 -888
3180 223.497 -849
3181 223.501 -861
3182 223.505 -942
3183 223.509 -911
3184 223.514 -864
3185 223.518 -851
3186 223.522 -839
3187 223.526 -830
3188 223.531 -786
3189 223.535 -775
3190 223.539 -859
3191 223.543 -788
3192 223.548 -756
3193 223.552 -857
3194 223.556 -934
3195 223.561 -922
3196 223.565 -874
3197 223.569 -839
3198 223.573 -889
3199 223.578 -827
3200 223.582 -657
3201 223.586 -784
3202 223.590 -788
3203 223.595 -776
3204 223.599 -776
3205 223.603 -813
3206 223.607 -899
3207 223.612 -919
3208 223.616 -971
3209 223.620 -957
3210 223.625 -817
3211 223.629 -898
3212 223.633 -891
3213 223.637 -755
3214 223.642 -664
3215 223.646 -618
3216 223.650 -672
3217 223.654 -791
3218 223.659 -744
3219 223.663 -839
3220 223.667 -880
3221 223.672 -895
3222 223.676 -928
3223 223.680 -883
3224 223.684 -964
3225 223.689 -997
3226 223.693 -925
3227 223.697 -819
3228 223.701 -869
3229 223.706 -839
3230 223.710 -867
3231 223.714 -829
3232 223.719 -841
3233 223.723 -798
3234 223.727 -656
3235 223.731 -624
3236 223.736 -756
3237 223.740 -825
3238 223.744 -888
3239 223.749 -905
3240 223.753 -884
3241 223.757 -818
3242 223.761 -805
3243 223.766 -761
3244 223.770 -830
3245 223.774 -814
3246 223.779 -758
3247 223.783 -760
3248 223.787 -770
3249 223.791 -864
3250 223.796 -914
3251 223.800 -896
3252 223.804 -912
3253 223.809 -866
3254 223.813 -828
3255 223.817 -775
3256 223.821 -868
3257 223.826 -845
3258 223.830 -818
3259 223.834 -764
3260 223.839 -790
3261 223.843 -800
3262 223.847 -802
3263 223.851 -709
3264 223.856 -743
3265 223.860 -794
3266 223.864 -789
3267 223.869 -783
3268 223.873 -822
3269 223.877 -818
3270 223.881 -719
3271 223.886 -573
3272 223.890 -669
3273 223.894 -764
3274 223.899 -813
3275 223.903 -844
3276 223.907 -859
3277 223.911 -760
3278 223.916 -725
3279 223.920 -777
3280 223.924 -762
3281 223.929 -795
3282 223.933 -750
3283 223.937 -640
3284 223.941 -639
3285 223.946 -685
3286 223.950 -617
3287 223.954 -651
3288 223.959 -801
3289 223.963 -839
3290 223.967 -796
3291 223.972 -905
3292 223.976 -842
3293 223.980 -744
3294 223.984 -797
3295 223.989 -879
3296 223.993 -796
3297 223.997 -702
3298 224.002 -800
3299 224.006 -754
3300 224.010 -663
3301 224.015 -650
3302 224.019 -682
3303 224.023 -765
3304 224.027 -806
3305 224.032 -873
3306 224.036 -910
3307 224.040 -800
3308 224.045 -706
3309 224.049 -758
3310 224.053 -823
3311 224.058 -830
3312 224.062 -803
3313 224.066 -826
3314 224.070 -759
3315 224.075 -690
3316 224.079 -637
3317 224.083 -705
3318 224.088 -800
3319 224.092 -776
3320 224.096 -723
3321 224.101 -715
3322 224.105 -763
3323 224.109 -761
3324 224.114 -670
3325 224.118 -756
3326 224.122 -793
3327 224.126 -703
3328 224.131 -680
3329 224.135 -685
3330 224.139 -693
3331 224.144 -747
3332 224.148 -876
3333 224.152 -869
3334 224.157 -829
3335 224.161 -860
3336 224.165 -727
3337 224.170 -678
3338 224.174 -767
3339 224.178 -875
3340 224.182 -866
3341 224.187 -843
3342 224.191 -773
3343 224.195 -803
3344 224.200 -826
3345 224.204 -787
3346 224.208 -784
3347 224.213 -772
3348 224.217 -751
3349 224.221 -818
3350 224.226 -757
3351 224.230 -688
3352 224.234 -701
3353 224.239 -769
3354 224.243 -755
3355 224.247 -676
3356 224.252 -720
3357 224.256 -817
3358 224.260 -815
3359 224.264 -729
3360 224.269 -675
3361 224.273 -721
3362 224.277 -658
3363 224.282 -622
3364 224.286 -584
3365 224.290 -585
3366 224.295 -612
3367 224.299 -693
3368 224.303 -758
3369 224.308 -636
3370 224.312 -646
3371 224.316 -668
3372 224.321 -726
3373 224.325 -681
3374 224.329 -608
3375 224.334 -684
3376 224.338 -708
3377 224.342 -673
3378 224.347 -733
3379 224.351 -719
3380 224.355 -720
3381 224.360 -689
3382 224.364 -626
3383 224.368 -609
3384 224.372 -762
3385 224.377 -742
3386 224.381 -770
3387 224.385 -748
3388 224.390 -739
3389 224.394 -657
3390 224.398 -679
3391 224.403 -692
3392 224.407 -694
3393 224.411 -692
3394 224.416 -731
3395 224.420 -758
3396 224.424 -663
3397 224.429 -697
3398 224.433 -622
3399 224.437 -543
3400 224.442 -618
3401 224.446 -650
3402 224.450 -710
3403 224.455 -681
3404 224.459 -674
3405 224.463 -667
3406 224.468 -716
3407 224.472 -720
3408 224.476 -741
3409 224.481 -802
3410 224.485 -765
3411 224.489 -750
3412 224.494 -739
3413 224.498 -690
3414 224.502 -713
3415 224.507 -787
3416 224.511 -819
3417 224.515 -744
3418 224.520 -667
3419 224.524 -623
3420 224.528 -646
3421 224.533 -670
3422 224.537 -572
3423 224.541 -580
3424 224.546 -614
3425 224.550 -732
3426 224.554 -817
3427 224.559 -758
3428 224.563 -689
3429 224.567 -580
3430 224.572 -625
3431 224.576 -716
3432 224.580 -687
3433 224.585 -646
3434 224.589 -582
3435 224.594 -598
3436 224.598 -667
3437 224.602 -740
3438 224.607 -661
3439 224.611 -569
3440 224.615 -664
3441 224.620 -707
3442 224.624 -686
3443 224.628 -668
3444 224.633 -683
3445 224.637 -689
3446 224.641 -726
3447 224.646 -696
3448 224.650 -589
3449 224.654 -653
3450 224.659 -685
3451 224.663 -671
3452 224.667 -675
3453 224.672 -727
3454 224.676 -660
3455 224.680 -683
3456 224.685 -612
3457 224.689 -547
3458 224.693 -584
3459 224.698 -609
3460 224.702 -606
3461 224.707 -642
3462 224.711 -746
3463 224.715 -682
3464 224.720 -636
3465 224.724 -669
3466 224.728 -628
3467 224.733 -609
3468 224.737 -650
3469 224.741 -533
3470 224.746 -518
3471 224.750 -578
3472 224.754 -638
3473 224.759 -591
3474 224.763 -561
3475 224.767 -617
3476 224.772 -629
3477 224.776 -680
3478 224.781 -711
3479 224.785 -633
3480 224.789 -572
3481 224.794 -512
3482 224.798 -511
3483 224.802 -530
3484 224.807 -519
3485 224.811 -547
3486 224.815 -587
3487 224.820 -655
3488 224.824 -650
3489 224.828 -537
3490 224.833 -450
3491 224.837 -534
3492 224.842 -623
3493 224.846 -673
3494 224.850 -557
3495 224.855 -439
3496 224.859 -539
3497 224.863 -558
3498 224.868 -558
3499 224.872 -665
3500 224.876 -611
3501 224.881 -580
3502 224.885 -685
3503 224.889 -642
3504 224.894 -619
3505 224.898 -590
3506 224.903 -483
3507 224.907 -574
3508 224.911 -506
3509 224.916 -513
3510 224.920 -578
3511 224.924 -669
3512 224.929 -607
3513 224.933 -440
3514 224.938 -388
3515 224.942 -543
3516 224.946 -594
3517 224.951 -493
3518 224.955 -532
3519 224.959 -614
3520 224.964 -674
3521 224.968 -609
3522 224.972 -566
3523 224.977 -569
3524 224.981 -602
3525 224.986 -564
3526 224.990 -582
3527 224.994 -639
3528 224.999 -666
3529 225.003 -533
3530 225.007 -467
3531 225.012 -581
3532 225.016 -550
3533 225.021 -576
3534 225.025 -633
3535 225.029 -588
3536 225.034 -550
3537 225.038 -584
3538 225.042 -584
3539 225.047 -500
3540 225.051 -469
3541 225.056 -439
3542 225.060 -594
3543 225.064 -666
3544 225.069 -678
3545 225.073 -604
3546 225.077 -451
3547 225.082 -509
3548 225.086 -553
3549 225.091 -554
3550 225.095 -543
3551 225.099 -600
3552 225.104 -590
3553 225.108 -575
3554 225.112 -626
3555 225.117 -609
3556 225.121 -571
3557 225.126 -556
3558 225.130 -522
3559 225.134 -498
3560 225.139 -518
3561 225.143 -599
3562 225.147 -577
3563 225.152 -651
3564 225.156 -585
3565 225.161 -553
3566 225.165 -611
3567 225.169 -663
3568 225.174 -627
3569 225.178 -630
3570 225.183 -663
3571 225.187 -679
3572 225.191 -572
3573 225.196 -564
3574 225.200 -538
3575 225.204 -489
3576 225.209 -488
3577 225.213 -561
3578 225.218 -562
3579 225.222 -563
3580 225.226 -551
3581 225.231 -578
3582 225.235 -558
3583 225.240 -626
3584 225.244 -673
3585 225.248 -630
3586 225.253 -498
3587 225.257 -433
3588 225.262 -516
3589 225.266 -510
3590 225.270 -583
3591 225.275 -617
3592 225.279 -566
3593 225.284 -523
3594 225.288 -412
3595 225.292 -444
3596 225.297 -420
3597 225.301 -356
3598 225.305 -372
3599 225.310 -581
3600 225.314 -575
3601 225.319 -547
3602 225.323 -595
3603 225.327 -655
3604 225.332 -504
3605 225.336 -496
3606 225.341 -440
3607 225.345 -429
3608 225.349 -441
3609 225.354 -374
3610 225.358 -410
3611 225.363 -480
3612 225.367 -530
3613 225.371 -549
3614 225.376 -510
3615 225.380 -450
3616 225.385 -432
3617 225.389 -527
3618 225.393 -494
3619 225.398 -379
3620 225.402 -463
3621 225.407 -503
3622 225.411 -541
3623 225.415 -571
3624 225.420 -489
3625 225.424 -468
3626 225.429 -544
3627 225.433 -492
3628 225.437 -490
3629 225.442 -414
3630 225.446 -450
3631 225.451 -591
3632 225.455 -591
3633 225.459 -644
3634 225.464 -518
3635 225.468 -443
3636 225.473 -447
3637 225.477 -475
3638 225.481 -449
3639 225.486 -517
3640 225.490 -654
3641 225.495 -688
3642 225.499 -490
3643 225.504 -466
3644 225.508 -476
3645 225.512 -570
3646 225.517 -610
3647 225.521 -608
3648 225.526 -567
