1 211.301 -85
2 211.305 -83
3 211.308 -65
4 211.312 -23
5 211.315 -92
6 211.319 3
7 211.322 8
8 211.325 -20
9 211.329 3
10 211.332 -21
11 211.336 -18
12 211.339 10
13 211.343 10
14 211.346 38
15 211.350 -56
16 211.353 -76
17 211.357 -13
18 211.360 1
19 211.364 -69
20 211.367 -74
21 211.371 -94
22 211.374 -80
23 211.378 -31
24 211.381 -29
25 211.385 -61
26 211.388 -110
27 211.392 -92
28 211.395 -62
29 211.398 -4
30 211.402 40
31 211.405 -132
32 211.409 -262
33 211.412 -304
34 211.416 -327
35 211.419 -287
36 211.423 -311
37 211.426 -372
38 211.430 -470
39 211.433 -422
40 211.437 -396
41 211.440 -348
42 211.444 -293
43 211.447 -373
44 211.451 -368
45 211.454 -317
46 211.458 -312
47 211.461 -327
48 211.465 -278
49 211.468 -241
50 211.472 -297
51 211.475 -277
52 211.478 -339
53 211.482 -384
54 211.485 -325
55 211.489 -272
56 211.492 -350
57 211.496 -371
58 211.499 -338
59 211.503 -350
60 211.506 -429
61 211.510 -348
62 211.513 -340
63 211.517 -356
64 211.520 -380
65 211.524 -393
66 211.527 -383
67 211.531 -370
68 211.534 -298
69 211.538 -297
70 211.541 -315
71 211.545 -290
72 211.548 -217
73 211.552 -338
74 211.555 -403
75 211.559 -317
76 211.562 -246
77 211.566 -328
78 211.569 -360
79 211.573 -345
80 211.576 -363
81 211.580 -352
82 211.583 -393
83 211.587 -414
84 211.590 -383
85 211.593 -260
86 211.597 -199
87 211.600 -336
88 211.604 -331
89 211.607 -294
90 211.611 -401
91 211.614 -453
92 211.618 -438
93 211.621 -429
94 211.625 -506
95 211.628 -462
96 211.632 -457
97 211.635 -420
98 211.639 -291
99 211.642 -247
100 211.646 -295
101 211.649 -305
102 211.653 -413
103 211.656 -416
104 211.660 -352
105 211.663 -365
106 211.667 -460
107 211.670 -409
108 211.674 -353
109 211.677 -333
110 211.681 -290
111 211.684 -290
112 211.688 -397
113 211.691 -428
114 211.695 -332
115 211.698 -321
116 211.702 -286
117 211.705 -312
118 211.709 -450
119 211.712 -525
120 211.716 -504
121 211.719 -446
122 211.723 -443
123 211.726 -469
124 211.730 -426
125 211.733 -470
126 211.737 -441
127 211.740 -475
128 211.744 -445
129 211.747 -432
130 211.751 -432
131 211.754 -403
132 211.758 -462
133 211.761 -478
134 211.765 -423
135 211.768 -365
136 211.772 -435
137 211.775 -444
138 211.779 -358
139 211.782 -375
140 211.786 -405
141 211.789 -407
142 211.793 -371
143 211.796 -416
144 211.800 -281
145 211.803 -233
146 211.807 -259
147 211.810 -351
148 211.814 -356
149 211.817 -398
150 211.821 -425
151 211.824 -444
152 211.828 -375
153 211.831 -394
154 211.835 -404
155 211.838 -440
156 211.842 -446
157 211.845 -457
158 211.849 -467
159 211.852 -442
160 211.856 -395
161 211.859 -327
162 211.863 -395
163 211.866 -514
164 211.870 -326
165 211.873 -346
166 211.877 -371
167 211.880 -415
168 211.884 -392
169 211.887 -395
170 211.891 -484
171 211.894 -500
172 211.898 -560
173 211.901 -537
174 211.905 -476
175 211.908 -408
176 211.912 -442
177 211.915 -389
178 211.919 -312
179 211.922 -232
180 211.926 -257
181 211.929 -339
182 211.933 -372
183 211.936 -411
184 211.940 -609
185 211.943 -397
186 211.947 -373
187 211.950 -450
188 211.954 -454
189 211.957 -503
190 211.961 -505
191 211.964 -457
192 211.968 -408
193 211.971 -400
194 211.975 -331
195 211.978 -345
196 211.982 -448
197 211.985 -511
198 211.989 -510
199 211.992 -462
200 211.996 -378
201 211.999 -363
202 212.003 -430
203 212.006 -278
204 212.010 -242
205 212.013 -409
206 212.017 -473
207 212.020 -396
208 212.024 -353
209 212.028 -354
210 212.031 -447
211 212.035 -393
212 212.038 -501
213 212.042 -461
214 212.045 -501
215 212.049 -497
216 212.052 -376
217 212.056 -459
218 212.059 -484
219 212.063 -570
220 212.066 -617
221 212.070 -510
222 212.073 -427
223 212.077 -424
224 212.080 -543
225 212.084 -510
226 212.087 -530
227 212.091 -529
228 212.094 -398
229 212.098 -313
230 212.101 -343
231 212.105 -507
232 212.108 -534
233 212.112 -521
234 212.115 -475
235 212.119 -462
236 212.122 -459
237 212.126 -471
238 212.129 -464
239 212.133 -527
240 212.136 -612
241 212.140 -574
242 212.144 -566
243 212.147 -435
244 212.151 -338
245 212.154 -369
246 212.158 -398
247 212.161 -413
248 212.165 -354
249 212.168 -416
250 212.172 -569
251 212.175 -513
252 212.179 -496
253 212.182 -518
254 212.186 -447
255 212.189 -410
256 212.193 -414
257 212.196 -458
258 212.200 -494
259 212.203 -448
260 212.207 -539
261 212.210 -485
262 212.214 -396
263 212.217 -385
264 212.221 -418
265 212.225 -370
266 212.228 -398
267 212.232 -349
268 212.235 -336
269 212.239 -417
270 212.242 -461
271 212.246 -446
272 212.249 -496
273 212.253 -430
274 212.256 -429
275 212.260 -448
276 212.263 -415
277 212.267 -353
278 212.270 -335
279 212.274 -250
280 212.277 -358
281 212.281 -425
282 212.284 -343
283 212.288 -347
284 212.291 -484
285 212.295 -476
286 212.299 -428
287 212.302 -427
288 212.306 -430
289 212.309 -453
290 212.313 -452
291 212.316 -479
292 212.320 -461
293 212.323 -469
294 212.327 -471
295 212.330 -504
296 212.334 -393
297 212.337 -344
298 212.341 -409
299 212.344 -429
300 212.348 -453
301 212.351 -343
302 212.355 -358
303 212.359 -488
304 212.362 -505
305 212.366 -481
306 212.369 -466
307 212.373 -477
308 212.376 -446
309 212.380 -465
310 212.383 -460
311 212.387 -436
312 212.390 -439
313 212.394 -452
314 212.397 -403
315 212.401 -304
316 212.404 -378
317 212.408 -394
318 212.412 -489
319 212.415 -473
320 212.419 -413
321 212.422 -415
322 212.426 -406
323 212.429 -443
324 212.433 -491
325 212.436 -476
326 212.440 -572
327 212.443 -582
328 212.447 -496
329 212.450 -497
330 212.454 -487
331 212.457 -464
332 212.461 -463
333 212.465 -481
334 212.468 -446
335 212.472 -371
336 212.475 -438
337 212.479 -437
338 212.482 -456
339 212.486 -437
340 212.489 -369
341 212.493 -430
342 212.496 -488
343 212.500 -580
344 212.503 -542
345 212.507 -407
346 212.511 -332
347 212.514 -306
348 212.518 -359
349 212.521 -311
350 212.525 -344
351 212.528 -469
352 212.532 -435
353 212.535 -409
354 212.539 -360
355 212.542 -390
356 212.546 -395
357 212.550 -369
358 212.553 -361
359 212.557 -370
360 212.560 -398
361 212.564 -439
362 212.567 -492
363 212.571 -411
364 212.574 -415
365 212.578 -515
366 212.581 -598
367 212.585 -534
368 212.588 -513
369 212.592 -478
370 212.596 -396
371 212.599 -354
372 212.603 -489
373 212.606 -435
374 212.610 -390
375 212.613 -439
376 212.617 -472
377 212.620 -413
378 212.624 -413
379 212.627 -445
380 212.631 -538
381 212.635 -636
382 212.638 -574
383 212.642 -477
384 212.645 -452
385 212.649 -465
386 212.652 -440
387 212.656 -393
388 212.659 -456
389 212.663 -495
390 212.667 -458
391 212.670 -466
392 212.674 -494
393 212.677 -511
394 212.681 -371
395 212.684 -292
396 212.688 -312
397 212.691 -361
398 212.695 -363
399 212.698 -460
400 212.702 -439
401 212.706 -508
402 212.709 -482
403 212.713 -351
404 212.716 -474
405 212.720 -578
406 212.723 -515
407 212.727 -526
408 212.730 -585
409 212.734 -531
410 212.738 -462
411 212.741 -444
412 212.745 -578
413 212.748 -523
414 212.752 -472
415 212.755 -464
416 212.759 -525
417 212.762 -565
418 212.766 -567
419 212.770 -594
420 212.773 -632
421 212.777 -582
422 212.780 -502
423 212.784 -561
424 212.787 -527
425 212.791 -468
426 212.794 -439
427 212.798 -389
428 212.802 -461
429 212.805 -516
430 212.809 -485
431 212.812 -453
432 212.816 -413
433 212.819 -391
434 212.823 -353
435 212.826 -236
436 212.830 -411
437 212.834 -504
438 212.837 -441
439 212.841 -506
440 212.844 -522
441 212.848 -503
442 212.851 -485
443 212.855 -572
444 212.858 -567
445 212.862 -518
446 212.866 -599
447 212.869 -594
448 212.873 -563
449 212.876 -535
450 212.880 -609
451 212.883 -748
452 212.887 -613
453 212.890 -523
454 212.894 -573
455 212.898 -584
456 212.901 -472
457 212.905 -424
458 212.908 -359
459 212.912 -395
460 212.915 -465
461 212.919 -564
462 212.923 -580
463 212.926 -461
464 212.930 -427
465 212.933 -456
466 212.937 -421
467 212.940 -508
468 212.944 -522
469 212.948 -483
470 212.951 -544
471 212.955 -536
472 212.958 -458
473 212.962 -426
474 212.965 -518
475 212.969 -458
476 212.972 -515
477 212.976 -560
478 212.980 -537
479 212.983 -488
480 212.987 -467
481 212.990 -450
482 212.994 -520
483 212.997 -496
484 213.001 -533
485 213.005 -553
486 213.008 -417
487 213.012 -303
488 213.015 -337
489 213.019 -458
490 213.022 -530
491 213.026 -464
492 213.030 -455
493 213.033 -405
494 213.037 -437
495 213.040 -537
496 213.044 -526
497 213.047 -507
498 213.051 -459
499 213.055 -438
500 213.058 -526
501 213.062 -500
502 213.065 -470
503 213.069 -507
504 213.072 -467
505 213.076 -533
506 213.080 -554
507 213.083 -437
508 213.087 -416
509 213.090 -483
510 213.094 -463
511 213.097 -427
512 213.101 -519
513 213.105 -511
514 213.108 -502
515 213.112 -450
516 213.115 -545
517 213.119 -559
518 213.122 -442
519 213.126 -477
520 213.130 -485
521 213.133 -465
522 213.137 -462
523 213.140 -457
524 213.144 -396
525 213.147 -385
526 213.151 -426
527 213.155 -567
528 213.158 -503
529 213.162 -429
530 213.165 -502
531 213.169 -568
532 213.173 -561
533 213.176 -536
534 213.180 -498
535 213.183 -515
536 213.187 -540
537 213.190 -594
538 213.194 -618
539 213.198 -586
540 213.201 -821
541 213.205 -646
542 213.208 -599
543 213.212 -616
544 213.215 -496
545 213.219 -454
546 213.223 -533
547 213.226 -480
548 213.230 -500
549 213.233 -488
550 213.237 -569
551 213.241 -501
552 213.244 -370
553 213.248 -437
554 213.251 -513
555 213.255 -516
556 213.258 -484
557 213.262 -409
558 213.266 -410
559 213.269 -391
560 213.273 -444
561 213.276 -533
562 213.280 -455
563 213.284 -385
564 213.287 -496
565 213.291 -512
566 213.294 -465
567 213.298 -514
568 213.301 -501
569 213.305 -373
570 213.309 -379
571 213.312 -507
572 213.316 -582
573 213.319 -574
574 213.323 -451
575 213.327 -365
576 213.330 -387
577 213.334 -443
578 213.337 -496
579 213.341 -506
580 213.345 -484
581 213.348 -388
582 213.352 -610
583 213.355 -734
584 213.359 -672
585 213.362 -529
586 213.366 -366
587 213.370 -444
588 213.373 -503
589 213.377 -505
590 213.380 -494
591 213.384 -554
592 213.388 -497
593 213.391 -421
594 213.395 -439
595 213.398 -402
596 213.402 -340
597 213.406 -376
598 213.409 -409
599 213.413 -431
600 213.416 -456
601 213.420 -298
602 213.423 -332
603 213.427 -372
604 213.431 -453
605 213.434 -512
606 213.438 -531
607 213.441 -514
608 213.445 -393
609 213.449 -361
610 213.452 -394
611 213.456 -451
612 213.459 -432
613 213.463 -432
614 213.467 -533
615 213.470 -528
616 213.474 -380
617 213.477 -372
618 213.481 -430
619 213.485 -431
620 213.488 -404
621 213.492 -428
622 213.495 -523
623 213.499 -510
624 213.503 -455
625 213.506 -543
626 213.510 -484
627 213.513 -431
628 213.517 -437
629 213.521 -374
630 213.524 -406
631 213.528 -432
632 213.531 -346
633 213.535 -317
634 213.539 -369
635 213.542 -358
636 213.546 -329
637 213.549 -421
638 213.553 -446
639 213.557 -402
640 213.560 -358
641 213.564 -377
642 213.567 -397
643 213.571 -473
644 213.575 -517
645 213.578 -493
646 213.582 -449
647 213.585 -417
648 213.589 -469
649 213.593 -485
650 213.596 -555
651 213.600 -465
652 213.603 -465
653 213.607 -431
654 213.611 -439
655 213.614 -456
656 213.618 -526
657 213.621 -589
658 213.625 -524
659 213.629 -497
660 213.632 -385
661 213.636 -415
662 213.639 -466
663 213.643 -364
664 213.647 -323
665 213.650 -408
666 213.654 -447
667 213.657 -427
668 213.661 -425
669 213.665 -441
670 213.668 -450
671 213.672 -527
672 213.676 -562
673 213.679 -460
674 213.683 -392
675 213.686 -535
676 213.690 -654
677 213.694 -519
678 213.697 -553
679 213.701 -487
680 213.704 -470
681 213.708 -455
682 213.712 -584
683 213.715 -427
684 213.719 -345
685 213.722 -398
686 213.726 -430
687 213.730 -488
688 213.733 -511
689 213.737 -478
690 213.740 -451
691 213.744 -446
692 213.748 -383
693 213.751 -494
694 213.755 -546
695 213.759 -525
696 213.762 -530
697 213.766 -528
698 213.769 -521
699 213.773 -451
700 213.777 -510
701 213.780 -491
702 213.784 -451
703 213.787 -506
704 213.791 -484
705 213.795 -402
706 213.798 -343
707 213.802 -455
708 213.806 -475
709 213.809 -491
710 213.813 -525
711 213.816 -473
712 213.820 -413
713 213.824 -416
714 213.827 -469
715 213.831 -443
716 213.834 -454
717 213.838 -474
718 213.842 -483
719 213.845 -554
720 213.849 -537
721 213.853 -462
722 213.856 -419
723 213.860 -514
724 213.863 -473
725 213.867 -521
726 213.871 -552
727 213.874 -531
728 213.878 -538
729 213.882 -512
730 213.885 -480
731 213.889 -455
732 213.892 -530
733 213.896 -451
734 213.900 -404
735 213.903 -531
736 213.907 -452
737 213.910 -415
738 213.914 -463
739 213.918 -430
740 213.921 -488
741 213.925 -510
742 213.929 -514
743 213.932 -507
744 213.936 -557
745 213.939 -476
746 213.943 -493
747 213.947 -495
748 213.950 -511
749 213.954 -511
750 213.958 -589
751 213.961 -596
752 213.965 -588
753 213.968 -491
754 213.972 -471
755 213.976 -481
756 213.979 -502
757 213.983 -433
758 213.987 -441
759 213.990 -459
760 213.994 -499
761 213.997 -554
762 214.001 -527
763 214.005 -530
764 214.008 -430
765 214.012 -475
766 214.016 -613
767 214.019 -614
768 214.023 -576
769 214.027 -549
770 214.030 -579
771 214.034 -591
772 214.037 -491
773 214.041 -472
774 214.045 -507
775 214.048 -541
776 214.052 -472
777 214.056 -409
778 214.059 -431
779 214.063 -348
780 214.066 -418
781 214.070 -536
782 214.074 -526
783 214.077 -473
784 214.081 -583
785 214.085 -522
786 214.088 -448
787 214.092 -487
788 214.095 -500
789 214.099 3679
790 214.103 9112
791 214.106 3454
792 214.110 1162
793 214.114 312
794 214.117 -33
795 214.121 -178
796 214.125 -334
797 214.128 -448
798 214.132 -458
799 214.135 -432
800 214.139 -414
801 214.143 -462
802 214.146 -562
803 214.150 -578
804 214.154 -519
805 214.157 -519
806 214.161 -533
807 214.165 -582
808 214.168 -515
809 214.172 -543
810 214.175 -513
811 214.179 -465
812 214.183 -554
813 214.186 -568
814 214.190 -492
815 214.194 -413
816 214.197 -473
817 214.201 -445
818 214.205 -437
819 214.208 -497
820 214.212 -521
821 214.216 -474
822 214.219 -387
823 214.223 -313
824 214.226 -363
825 214.230 -430
826 214.234 -468
827 214.237 -457
828 214.241 -378
829 214.245 -351
830 214.248 -349
831 214.252 -456
832 214.256 -425
833 214.259 -453
834 214.263 -520
835 214.266 -427
836 214.270 -430
837 214.274 -456
838 214.277 -493
839 214.281 -485
840 214.285 -540
841 214.288 -499
842 214.292 -489
843 214.296 -510
844 214.299 -541
845 214.303 -452
846 214.307 -457
847 214.310 -477
848 214.314 -459
849 214.318 -362
850 214.321 -408
851 214.325 -452
852 214.328 -507
853 214.332 -536
854 214.336 -512
855 214.339 -507
856 214.343 -464
857 214.347 -421
858 214.350 -499
859 214.354 -482
860 214.358 -417
861 214.361 -486
862 214.365 -490
863 214.369 -418
864 214.372 -404
865 214.376 -502
866 214.380 -493
867 214.383 -486
868 214.387 -417
869 214.390 -493
870 214.394 -510
871 214.398 -518
872 214.401 -582
873 214.405 -449
874 214.409 -404
875 214.412 -410
876 214.416 -456
877 214.420 -467
878 214.423 -496
879 214.427 -562
880 214.431 -471
881 214.434 -500
882 214.438 -559
883 214.442 -622
884 214.445 -556
885 214.449 -457
886 214.453 -417
887 214.456 -452
888 214.460 -495
889 214.464 -507
890 214.467 -584
891 214.471 -633
892 214.475 -649
893 214.478 -520
894 214.482 -432
895 214.485 -475
896 214.489 -461
897 214.493 -505
898 214.496 -522
899 214.500 -505
900 214.504 -497
901 214.507 -511
902 214.511 -520
903 214.515 -442
904 214.518 -305
905 214.522 -314
906 214.526 -455
907 214.529 -450
908 214.533 -459
909 214.537 -458
910 214.540 -429
911 214.544 -487
912 214.548 -492
913 214.551 -484
914 214.555 -531
915 214.559 -443
916 214.562 -427
917 214.566 -362
918 214.570 -346
919 214.573 -375
920 214.577 -456
921 214.581 -552
922 214.584 -551
923 214.588 -510
924 214.592 -523
925 214.595 -400
926 214.599 -338
927 214.603 -359
928 214.606 -448
929 214.610 -403
930 214.614 -377
931 214.617 -307
932 214.621 -286
933 214.625 -319
934 214.628 -430
935 214.632 -483
936 214.636 -388
937 214.639 -433
938 214.643 -460
939 214.647 -447
940 214.650 -411
941 214.654 -471
942 214.658 -577
943 214.661 -564
944 214.665 -568
945 214.669 -525
946 214.672 -510
947 214.676 -504
948 214.680 -442
949 214.683 -407
950 214.687 -358
951 214.691 -444
952 214.694 -437
953 214.698 -327
954 214.702 -349
955 214.705 -462
956 214.709 -368
957 214.713 -392
958 214.716 -401
959 214.720 -344
960 214.724 -394
961 214.727 -396
962 214.731 -447
963 214.735 -368
964 214.738 -387
965 214.742 -436
966 214.746 -385
967 214.749 -328
968 214.753 -342
969 214.757 -221
970 214.760 -122
971 214.764 -157
972 214.768 -208
973 214.771 -284
974 214.775 -361
975 214.779 -402
976 214.782 -443
977 214.786 -451
978 214.790 -448
979 214.793 -513
980 214.797 -535
981 214.801 -447
982 214.804 -389
983 214.808 -476
984 214.812 -471
985 214.816 -450
986 214.819 -384
987 214.823 -358
988 214.827 -282
989 214.830 -334
990 214.834 -386
991 214.838 -414
992 214.841 -375
993 214.845 -339
994 214.849 -397
995 214.852 -468
996 214.856 -427
997 214.860 -376
998 214.863 -386
999 214.867 -409
1000 214.871 -422
1001 214.874 -458
1002 214.878 -376
1003 214.882 -392
1004 214.885 -455
1005 214.889 -393
1006 214.893 -290
1007 214.896 -217
1008 214.900 -183
1009 214.904 -224
1010 214.907 -368
1011 214.911 -287
1012 214.915 -205
1013 214.919 -271
1014 214.922 -342
1015 214.926 -199
1016 214.930 -229
1017 214.933 -403
1018 214.937 -422
1019 214.941 -367
1020 214.944 -401
1021 214.948 -381
1022 214.952 -484
1023 214.955 -389
1024 214.959 -376
1025 214.963 -345
1026 214.966 -319
1027 214.970 -219
1028 214.974 -247
1029 214.978 -284
1030 214.981 -406
1031 214.985 -292
1032 214.989 -294
1033 214.992 -221
1034 214.996 -174
1035 215.000 -301
1036 215.003 -295
1037 215.007 -274
1038 215.011 -257
1039 215.014 -229
1040 215.018 -322
1041 215.022 -312
1042 215.025 -278
1043 215.029 -156
1044 215.033 -103
1045 215.037 -22
1046 215.040 85
1047 215.044 121
1048 215.048 296
1049 215.051 592
1050 215.055 817
1051 215.059 1049
1052 215.062 1279
1053 215.066 1613
1054 215.070 1900
1055 215.073 2119
1056 215.077 2204
1057 215.081 2203
1058 215.085 2220
1059 215.088 2217
1060 215.092 2161
1061 215.096 2291
1062 215.099 2453
1063 215.103 2665
1064 215.107 3216
1065 215.110 4085
1066 215.114 5416
1067 215.118 7534
1068 215.121 10651
1069 215.125 14829
1070 215.129 20010
1071 215.133 25673
1072 215.136 30968
1073 215.140 34877
1074 215.144 36939
1075 215.147 37082
1076 215.151 35617
1077 215.155 33298
1078 215.158 30226
1079 215.162 27029
1080 215.166 24062
1081 215.170 21489
1082 215.173 19475
1083 215.177 18222
1084 215.181 17740
1085 215.184 18121
1086 215.188 19449
1087 215.192 22453
1088 215.195 27601
1089 215.199 34991
1090 215.203 44217
1091 215.207 54341
1092 215.210 63550
1093 215.214 70260
1094 215.218 73245
1095 215.221 72648
1096 215.225 68667
1097 215.229 62332
1098 215.232 54681
1099 215.236 46990
1100 215.240 39683
1101 215.244 33271
1102 215.247 27929
1103 215.251 23423
1104 215.255 19789
1105 215.258 16930
1106 215.262 14683
1107 215.266 12908
1108 215.269 11426
1109 215.273 10273
1110 215.277 9395
1111 215.281 8613
1112 215.284 8091
1113 215.288 7702
1114 215.292 7421
1115 215.295 7028
1116 215.299 6640
1117 215.303 6318
1118 215.307 6010
1119 215.310 5883
1120 215.314 5923
1121 215.318 5712
1122 215.321 5604
1123 215.325 5644
1124 215.329 5563
1125 215.333 5454
1126 215.336 5515
1127 215.340 5630
1128 215.344 5573
1129 215.347 5639
1130 215.351 5635
1131 215.355 5578
1132 215.358 5634
1133 215.362 5728
1134 215.366 5805
1135 215.370 5898
1136 215.373 6011
1137 215.377 6311
1138 215.381 6631
1139 215.384 6910
1140 215.388 7061
1141 215.392 7455
1142 215.396 7924
1143 215.399 8343
1144 215.403 9009
1145 215.407 9785
1146 215.410 10670
1147 215.414 11681
1148 215.418 12860
1149 215.422 14147
1150 215.425 15711
1151 215.429 17464
1152 215.433 20071
1153 215.436 24410
1154 215.440 31015
1155 215.444 40378
1156 215.448 52927
1157 215.451 68915
1158 215.455 86977
1159 215.459 105393
1160 215.462 121584
1161 215.466 133946
1162 215.470 140728
1163 215.474 141735
1164 215.477 136902
1165 215.481 128127
1166 215.485 116475
1167 215.488 103850
1168 215.492 91058
1169 215.496 79497
1170 215.500 69642
1171 215.503 61811
1172 215.507 55817
1173 215.511 51800
1174 215.515 49644
1175 215.518 49608
1176 215.522 51515
1177 215.526 56346
1178 215.529 64424
1179 215.533 76155
1180 215.537 92168
1181 215.541 111948
1182 215.544 133919
1183 215.548 155577
1184 215.552 172688
1185 215.555 182984
1186 215.559 185948
1187 215.563 183600
1188 215.567 177157
1189 215.570 168801
1190 215.574 157557
1191 215.578 143330
1192 215.582 127026
1193 215.585 110838
1194 215.589 95966
1195 215.593 83380
1196 215.596 73123
1197 215.600 65091
1198 215.604 59345
1199 215.608 55837
1200 215.611 54071
1201 215.615 54961
1202 215.619 58290
1203 215.623 64645
1204 215.626 74244
1205 215.630 87734
1206 215.634 104801
1207 215.637 124430
1208 215.641 144078
1209 215.645 161759
1210 215.649 174812
1211 215.652 182160
1212 215.656 182580
1213 215.660 177642
1214 215.664 168080
1215 215.667 155106
1216 215.671 139078
1217 215.675 121595
1218 215.678 104566
1219 215.682 88948
1220 215.686 75229
1221 215.690 63835
1222 215.693 54713
1223 215.697 47163
1224 215.701 40655
1225 215.705 35458
1226 215.708 31118
1227 215.712 27606
1228 215.716 24754
1229 215.720 22542
1230 215.723 20614
1231 215.727 19018
1232 215.731 17708
1233 215.734 16603
1234 215.738 15548
1235 215.742 14653
1236 215.746 13848
1237 215.749 13165
1238 215.753 12587
1239 215.757 12071
1240 215.761 11670
1241 215.764 11320
1242 215.768 10967
1243 215.772 10672
1244 215.776 10501
1245 215.779 10299
1246 215.783 10183
1247 215.787 10140
1248 215.790 10134
1249 215.794 10062
1250 215.798 9882
1251 215.802 9845
1252 215.805 9914
1253 215.809 10034
1254 215.813 10077
1255 215.817 10070
1256 215.820 10109
1257 215.824 10204
1258 215.828 10378
1259 215.832 10472
1260 215.835 10588
1261 215.839 10845
1262 215.843 11133
1263 215.847 11405
1264 215.850 11732
1265 215.854 12126
1266 215.858 12566
1267 215.862 13016
1268 215.865 13422
1269 215.869 14108
1270 215.873 14786
1271 215.877 15502
1272 215.880 16473
1273 215.884 17568
1274 215.888 18937
1275 215.891 20610
1276 215.895 22369
1277 215.899 24551
1278 215.903 27191
1279 215.906 30449
1280 215.910 34365
1281 215.914 39611
1282 215.918 46264
1283 215.921 54899
1284 215.925 66342
1285 215.929 80898
1286 215.933 99213
1287 215.936 120866
1288 215.940 145163
1289 215.944 170270
1290 215.948 193979
1291 215.951 214455
1292 215.955 228600
1293 215.959 235874
1294 215.963 235441
1295 215.966 228569
1296 215.970 215760
1297 215.974 199682
1298 215.978 181636
1299 215.981 163334
1300 215.985 145790
1301 215.989 129707
1302 215.993 115446
1303 215.996 103507
1304 216.000 93203
1305 216.004 85151
1306 216.008 78845
1307 216.011 74506
1308 216.015 72260
1309 216.019 71900
1310 216.023 73501
1311 216.026 77560
1312 216.030 84389
1313 216.034 94350
1314 216.038 107743
1315 216.041 124788
1316 216.045 145217
1317 216.049 168662
1318 216.053 193389
1319 216.056 217928
1320 216.060 239608
1321 216.064 257203
1322 216.068 268251
1323 216.071 273376
1324 216.075 271401
1325 216.079 263529
1326 216.083 250102
1327 216.087 233120
1328 216.090 214500
1329 216.094 195420
1330 216.098 176164
1331 216.102 158056
1332 216.105 141382
1333 216.109 126576
1334 216.113 113731
1335 216.117 102907
1336 216.120 93778
1337 216.124 86677
1338 216.128 81463
1339 216.132 77997
1340 216.135 76394
1341 216.139 77014
1342 216.143 79638
1343 216.147 84697
1344 216.150 92398
1345 216.154 103188
1346 216.158 117126
1347 216.162 134345
1348 216.165 154237
1349 216.169 176050
1350 216.173 197819
1351 216.177 218015
1352 216.180 234776
1353 216.184 247020
1354 216.188 252725
1355 216.192 252583
1356 216.196 246431
1357 216.199 235344
1358 216.203 220209
1359 216.207 202966
1360 216.211 184179
1361 216.214 165535
1362 216.218 147128
1363 216.222 130034
1364 216.226 114353
1365 216.229 100631
1366 216.233 88315
1367 216.237 77741
1368 216.241 68455
1369 216.244 60514
1370 216.248 53840
1371 216.252 47892
1372 216.256 42795
1373 216.260 38650
1374 216.263 35120
1375 216.267 32280
1376 216.271 29753
1377 216.275 27711
1378 216.278 25868
1379 216.282 24093
1380 216.286 22666
1381 216.290 21465
1382 216.293 20407
1383 216.297 19547
1384 216.301 18683
1385 216.305 17996
1386 216.309 17293
1387 216.312 16632
1388 216.316 16138
1389 216.320 15632
1390 216.324 15128
1391 216.327 14720
1392 216.331 14324
1393 216.335 13998
1394 216.339 13652
1395 216.343 13336
1396 216.346 13090
1397 216.350 13072
1398 216.354 13057
1399 216.358 12863
1400 216.361 12557
1401 216.365 12462
1402 216.369 12446
1403 216.373 12401
1404 216.376 12402
1405 216.380 12413
1406 216.384 12356
1407 216.388 12239
1408 216.392 12273
1409 216.395 12305
1410 216.399 12339
1411 216.403 12427
1412 216.407 12549
1413 216.410 12647
1414 216.414 12690
1415 216.418 12788
1416 216.422 12927
1417 216.426 13142
1418 216.429 13365
1419 216.433 13566
1420 216.437 13759
1421 216.441 14039
1422 216.444 14312
1423 216.448 14564
1424 216.452 14900
1425 216.456 15284
1426 216.460 15594
1427 216.463 16089
1428 216.467 16526
1429 216.471 17007
1430 216.475 17594
1431 216.478 18343
1432 216.482 19220
1433 216.486 20123
1434 216.490 21096
1435 216.494 22202
1436 216.497 23242
1437 216.501 24462
1438 216.505 25854
1439 216.509 27470
1440 216.513 29243
1441 216.516 31263
1442 216.520 33724
1443 216.524 36668
1444 216.528 40063
1445 216.531 44029
1446 216.535 48680
1447 216.539 54439
1448 216.543 61169
1449 216.547 69328
1450 216.550 79133
1451 216.554 90967
1452 216.558 104785
1453 216.562 120735
1454 216.566 138561
1455 216.569 158206
1456 216.573 178697
1457 216.577 199956
1458 216.581 220670
1459 216.584 240102
1460 216.588 256617
1461 216.592 269614
1462 216.596 278012
1463 216.600 282423
1464 216.603 281481
1465 216.607 276112
1466 216.611 265955
1467 216.615 252903
1468 216.619 237226
1469 216.622 219961
1470 216.626 202000
1471 216.630 184170
1472 216.634 167054
1473 216.638 151440
1474 216.641 137354
1475 216.645 124661
1476 216.649 113964
1477 216.653 105181
1478 216.656 97897
1479 216.660 92098
1480 216.664 87715
1481 216.668 84537
1482 216.672 82589
1483 216.675 82069
1484 216.679 82634
1485 216.683 84268
1486 216.687 87102
1487 216.691 91401
1488 216.694 96971
1489 216.698 104298
1490 216.702 113412
1491 216.706 124612
1492 216.710 137822
1493 216.713 153738
1494 216.717 172059
1495 216.721 192548
1496 216.725 214927
1497 216.729 238781
1498 216.732 263348
1499 216.736 288281
1500 216.740 311776
1501 216.744 333812
1502 216.748 352990
1503 216.751 365344
1504 216.755 366405
1505 216.759 366387
1506 216.763 366297
1507 216.767 366336
1508 216.770 366321
1509 216.774 361661
1510 216.778 344087
1511 216.782 323877
1512 216.786 301955
1513 216.789 279135
1514 216.793 255724
1515 216.797 233305
1516 216.801 211498
1517 216.805 191553
1518 216.808 173256
1519 216.812 157294
1520 216.816 143371
1521 216.820 131224
1522 216.824 120941
1523 216.827 112595
1524 216.831 105417
1525 216.835 99620
1526 216.839 94956
1527 216.843 91531
1528 216.846 89138
1529 216.850 87768
1530 216.854 87195
1531 216.858 87714
1532 216.862 89302
1533 216.865 92326
1534 216.869 96453
1535 216.873 101622
1536 216.877 108072
1537 216.881 116338
1538 216.885 126072
1539 216.888 137691
1540 216.892 150916
1541 216.896 165527
1542 216.900 181151
1543 216.904 198018
1544 216.907 215374
1545 216.911 233084
1546 216.915 249862
1547 216.919 265624
1548 216.923 279618
1549 216.926 291949
1550 216.930 301434
1551 216.934 308383
1552 216.938 311615
1553 216.942 311523
1554 216.945 308112
1555 216.949 302302
1556 216.953 293780
1557 216.957 283210
1558 216.961 270052
1559 216.965 254953
1560 216.968 237886
1561 216.972 220362
1562 216.976 202847
1563 216.980 185491
1564 216.984 168540
1565 216.987 152465
1566 216.991 137306
1567 216.995 123891
1568 216.999 112149
1569 217.003 101548
1570 217.006 92078
1571 217.010 83823
1572 217.014 76528
1573 217.018 70056
1574 217.022 64533
1575 217.026 60101
1576 217.029 56183
1577 217.033 52463
1578 217.037 49196
1579 217.041 46162
1580 217.045 43386
1581 217.048 41046
1582 217.052 38848
1583 217.056 36831
1584 217.060 35046
1585 217.064 33574
1586 217.068 32206
1587 217.071 30988
1588 217.075 29688
1589 217.079 28588
1590 217.083 27582
1591 217.087 26655
1592 217.090 25670
1593 217.094 24708
1594 217.098 24016
1595 217.102 23278
1596 217.106 22581
1597 217.110 22003
1598 217.113 21585
1599 217.117 21195
1600 217.121 20630
1601 217.125 20201
1602 217.129 19875
1603 217.133 19419
1604 217.136 19033
1605 217.140 18605
1606 217.144 18241
1607 217.148 17949
1608 217.152 17660
1609 217.155 17425
1610 217.159 17158
1611 217.163 16923
1612 217.167 16820
1613 217.171 16500
1614 217.175 16263
1615 217.178 16002
1616 217.182 15886
1617 217.186 15657
1618 217.190 15418
1619 217.194 15276
1620 217.198 15175
1621 217.201 14985
1622 217.205 14876
1623 217.209 14786
1624 217.213 14657
1625 217.217 14438
1626 217.221 14306
1627 217.224 14089
1628 217.228 14122
1629 217.232 14104
1630 217.236 14101
1631 217.240 13983
1632 217.244 13938
1633 217.247 13954
1634 217.251 13915
1635 217.255 13791
1636 217.259 13748
1637 217.263 13703
1638 217.267 13667
1639 217.270 13604
1640 217.274 13611
1641 217.278 13607
1642 217.282 13543
1643 217.286 13453
1644 217.290 13477
1645 217.293 13446
1646 217.297 13503
1647 217.301 13669
1648 217.305 13648
1649 217.309 13663
1650 217.313 13650
1651 217.316 13622
1652 217.320 13697
1653 217.324 13726
1654 217.328 13762
1655 217.332 13861
1656 217.336 13968
1657 217.339 14115
1658 217.343 14246
1659 217.347 14266
1660 217.351 14407
1661 217.355 14524
1662 217.359 14617
1663 217.362 14731
1664 217.366 14754
1665 217.370 14882
1666 217.374 14986
1667 217.378 15037
1668 217.382 15108
1669 217.385 15316
1670 217.389 15383
1671 217.393 15533
1672 217.397 15758
1673 217.401 15948
1674 217.405 16157
1675 217.409 16268
1676 217.412 16545
1677 217.416 16840
1678 217.420 17115
1679 217.424 17289
1680 217.428 17659
1681 217.432 17920
1682 217.435 18212
1683 217.439 18506
1684 217.443 18703
1685 217.447 18832
1686 217.451 18815
1687 217.455 18792
1688 217.458 18778
1689 217.462 18820
1690 217.466 19143
1691 217.470 19411
1692 217.474 19828
1693 217.478 20272
1694 217.482 20929
1695 217.485 21726
1696 217.489 22567
1697 217.493 23129
1698 217.497 23695
1699 217.501 24353
1700 217.505 24816
1701 217.508 25448
1702 217.512 26004
1703 217.516 26626
1704 217.520 27271
1705 217.524 27980
1706 217.528 28852
1707 217.532 29591
1708 217.535 30351
1709 217.539 31194
1710 217.543 32045
1711 217.547 32980
1712 217.551 34031
1713 217.555 35067
1714 217.559 36197
1715 217.562 37462
1716 217.566 38617
1717 217.570 40097
1718 217.574 41759
1719 217.578 43460
1720 217.582 45064
1721 217.586 46982
1722 217.589 49051
1723 217.593 51096
1724 217.597 53333
1725 217.601 55685
1726 217.605 57922
1727 217.609 60559
1728 217.612 63631
1729 217.616 66786
1730 217.620 70126
1731 217.624 73741
1732 217.628 77499
1733 217.632 81402
1734 217.636 85465
1735 217.639 89841
1736 217.643 94368
1737 217.647 99170
1738 217.651 104137
1739 217.655 109352
1740 217.659 114560
1741 217.663 120238
1742 217.666 126224
1743 217.670 132436
1744 217.674 138739
1745 217.678 145127
1746 217.682 151815
1747 217.686 158541
1748 217.690 165410
1749 217.693 172335
1750 217.697 179121
1751 217.701 186069
1752 217.705 192917
1753 217.709 199809
1754 217.713 206489
1755 217.717 213428
1756 217.721 220093
1757 217.724 226809
1758 217.728 233394
1759 217.732 239802
1760 217.736 245774
1761 217.740 251671
1762 217.744 257338
1763 217.748 262929
1764 217.751 267896
1765 217.755 273172
1766 217.759 277992
1767 217.763 282589
1768 217.767 286644
1769 217.771 290425
1770 217.775 293705
1771 217.778 296960
1772 217.782 299838
1773 217.786 302670
1774 217.790 304937
1775 217.794 306732
1776 217.798 308044
1777 217.802 309241
1778 217.806 309676
1779 217.809 309793
1780 217.813 309452
1781 217.817 309167
1782 217.821 308252
1783 217.825 307056
1784 217.829 305321
1785 217.833 303267
1786 217.837 300873
1787 217.840 298590
1788 217.844 295925
1789 217.848 293362
1790 217.852 290376
1791 217.856 287048
1792 217.860 283505
1793 217.864 280110
1794 217.867 276262
1795 217.871 272349
1796 217.875 268375
1797 217.879 264445
1798 217.883 260021
1799 217.887 255791
1800 217.891 251791
1801 217.895 247472
1802 217.898 242763
1803 217.902 238352
1804 217.906 233651
1805 217.910 228870
1806 217.914 224045
1807 217.918 219046
1808 217.922 214131
1809 217.926 209399
1810 217.929 204587
1811 217.933 200035
1812 217.937 195394
1813 217.941 191026
1814 217.945 186628
1815 217.949 182364
1816 217.953 178157
1817 217.957 174392
1818 217.960 170405
1819 217.964 166526
1820 217.968 162755
1821 217.972 159030
1822 217.976 155405
1823 217.980 152015
1824 217.984 148687
1825 217.988 145502
1826 217.992 142388
1827 217.995 139473
1828 217.999 136651
1829 218.003 133868
1830 218.007 131394
1831 218.011 129178
1832 218.015 126757
1833 218.019 124422
1834 218.023 122392
1835 218.026 120461
1836 218.030 118505
1837 218.034 116831
1838 218.038 115095
1839 218.042 113592
1840 218.046 111835
1841 218.050 110450
1842 218.054 108840
1843 218.058 107259
1844 218.061 105867
1845 218.065 104590
1846 218.069 103345
1847 218.073 102015
1848 218.077 100556
1849 218.081 99348
1850 218.085 98516
1851 218.089 97824
1852 218.093 97080
1853 218.096 96445
1854 218.100 95758
1855 218.104 95071
1856 218.108 94382
1857 218.112 93777
1858 218.116 93039
1859 218.120 92490
1860 218.124 91899
1861 218.127 91272
1862 218.131 90630
1863 218.135 90156
1864 218.139 89592
1865 218.143 89244
1866 218.147 88733
1867 218.151 88327
1868 218.155 87865
1869 218.159 87659
1870 218.163 87307
1871 218.166 86914
1872 218.170 86646
1873 218.174 86344
1874 218.178 85725
1875 218.182 85245
1876 218.186 84811
1877 218.190 84580
1878 218.194 84350
1879 218.198 84158
1880 218.201 84028
1881 218.205 83873
1882 218.209 83642
1883 218.213 83348
1884 218.217 82980
1885 218.221 82709
1886 218.225 82413
1887 218.229 82117
1888 218.233 81938
1889 218.237 81648
1890 218.240 81419
1891 218.244 81357
1892 218.248 81431
1893 218.252 81407
1894 218.256 81389
1895 218.260 81477
1896 218.264 81553
1897 218.268 81514
1898 218.272 81299
1899 218.275 81204
1900 218.279 81066
1901 218.283 81060
1902 218.287 81107
1903 218.291 81270
1904 218.295 81309
1905 218.299 81286
1906 218.303 81220
1907 218.307 81319
1908 218.311 81205
1909 218.314 81351
1910 218.318 81262
1911 218.322 81311
1912 218.326 81266
1913 218.330 81270
1914 218.334 81126
1915 218.338 81193
1916 218.342 81329
1917 218.346 81529
1918 218.350 81631
1919 218.354 81555
1920 218.357 81599
1921 218.361 81874
1922 218.365 81947
1923 218.369 82155
1924 218.373 82249
1925 218.377 82301
1926 218.381 82254
1927 218.385 82305
1928 218.389 82280
1929 218.393 82386
1930 218.396 82375
1931 218.400 82541
1932 218.404 82468
1933 218.408 82419
1934 218.412 82508
1935 218.416 82514
1936 218.420 82503
1937 218.424 82562
1938 218.428 82688
1939 218.432 82834
1940 218.436 82933
1941 218.439 82971
1942 218.443 83046
1943 218.447 83251
1944 218.451 83342
1945 218.455 83462
1946 218.459 83511
1947 218.463 83578
1948 218.467 83592
1949 218.471 83660
1950 218.475 83617
1951 218.479 83771
1952 218.483 83820
1953 218.486 84077
1954 218.490 84235
1955 218.494 84263
1956 218.498 84224
1957 218.502 84154
1958 218.506 84239
1959 218.510 84392
1960 218.514 84621
1961 218.518 84899
1962 218.522 85213
1963 218.526 85459
1964 218.529 85674
1965 218.533 86083
1966 218.537 86543
1967 218.541 87148
1968 218.545 87721
1969 218.549 88329
1970 218.553 88744
1971 218.557 89211
1972 218.561 89780
1973 218.565 90481
1974 218.569 91221
1975 218.573 92039
1976 218.576 92653
1977 218.580 93316
1978 218.584 93938
1979 218.588 94809
1980 218.592 95701
1981 218.596 96634
1982 218.600 97494
1983 218.604 98470
1984 218.608 99687
1985 218.612 101150
1986 218.616 102696
1987 218.620 104333
1988 218.624 106006
1989 218.627 107521
1990 218.631 109178
1991 218.635 111139
1992 218.639 112974
1993 218.643 114869
1994 218.647 116830
1995 218.651 119222
1996 218.655 121629
1997 218.659 124101
1998 218.663 126476
1999 218.667 128927
2000 218.671 131697
2001 218.675 134739
2002 218.678 137733
2003 218.682 140952
2004 218.686 144286
2005 218.690 147864
2006 218.694 151534
2007 218.698 155525
2008 218.702 159518
2009 218.706 163765
2010 218.710 168276
2011 218.714 173218
2012 218.718 178210
2013 218.722 183325
2014 218.726 188396
2015 218.730 193615
2016 218.733 199177
2017 218.737 205129
2018 218.741 211226
2019 218.745 216701
2020 218.749 222427
2021 218.753 228297
2022 218.757 234056
2023 218.761 239939
2024 218.765 245684
2025 218.769 251596
2026 218.773 257390
2027 218.777 263054
2028 218.781 268575
2029 218.785 274209
2030 218.789 279753
2031 218.792 285445
2032 218.796 290756
2033 218.800 296009
2034 218.804 300900
2035 218.808 305516
2036 218.812 309160
2037 218.816 312778
2038 218.820 315825
2039 218.824 318513
2040 218.828 320452
2041 218.832 322194
2042 218.836 323342
2043 218.840 324230
2044 218.844 324381
2045 218.848 324281
2046 218.851 323398
2047 218.855 322096
2048 218.859 320120
2049 218.863 317581
2050 218.867 313969
2051 218.871 310229
2052 218.875 305544
2053 218.879 300652
2054 218.883 294842
2055 218.887 288330
2056 218.891 281108
2057 218.895 273709
2058 218.899 265840
2059 218.903 258070
2060 218.907 249697
2061 218.911 241094
2062 218.915 232258
2063 218.918 223696
2064 218.922 215200
2065 218.926 207108
2066 218.930 198690
2067 218.934 189860
2068 218.938 180828
2069 218.942 171989
2070 218.946 163646
2071 218.950 155983
2072 218.954 148175
2073 218.958 140793
2074 218.962 133757
2075 218.966 127057
2076 218.970 120639
2077 218.974 114834
2078 218.978 109531
2079 218.982 104426
2080 218.986 99251
2081 218.989 94335
2082 218.993 89508
2083 218.997 85129
2084 219.001 80784
2085 219.005 76813
2086 219.009 73083
2087 219.013 69547
2088 219.017 66470
2089 219.021 63691
2090 219.025 60953
2091 219.029 58250
2092 219.033 55664
2093 219.037 53517
2094 219.041 51380
2095 219.045 49229
2096 219.049 47177
2097 219.053 45426
2098 219.057 43724
2099 219.061 42109
2100 219.065 40532
2101 219.068 39039
2102 219.072 37608
2103 219.076 36441
2104 219.080 35352
2105 219.084 34316
2106 219.088 33066
2107 219.092 32081
2108 219.096 31197
2109 219.100 30301
2110 219.104 29419
2111 219.108 28682
2112 219.112 27856
2113 219.116 26953
2114 219.120 26210
2115 219.124 25553
2116 219.128 24932
2117 219.132 24344
2118 219.136 23723
2119 219.140 23235
2120 219.144 22762
2121 219.148 22240
2122 219.152 21805
2123 219.155 21369
2124 219.159 20843
2125 219.163 20368
2126 219.167 19944
2127 219.171 19633
2128 219.175 19291
2129 219.179 18927
2130 219.183 18589
2131 219.187 18172
2132 219.191 17916
2133 219.195 17515
2134 219.199 17230
2135 219.203 16963
2136 219.207 16611
2137 219.211 16226
2138 219.215 15803
2139 219.219 15373
2140 219.223 15093
2141 219.227 14939
2142 219.231 14820
2143 219.235 14466
2144 219.239 14297
2145 219.243 14290
2146 219.247 14131
2147 219.251 14030
2148 219.255 13771
2149 219.259 13566
2150 219.262 13411
2151 219.266 13192
2152 219.270 13053
2153 219.274 12973
2154 219.278 12856
2155 219.282 12674
2156 219.286 12543
2157 219.290 12426
2158 219.294 12363
2159 219.298 12342
2160 219.302 12209
2161 219.306 12019
2162 219.310 11946
2163 219.314 11911
2164 219.318 11799
2165 219.322 11760
2166 219.326 11761
2167 219.330 11823
2168 219.334 11704
2169 219.338 11567
2170 219.342 11477
2171 219.346 11433
2172 219.350 11389
2173 219.354 11421
2174 219.358 11314
2175 219.362 11214
2176 219.366 11166
2177 219.370 11105
2178 219.374 11013
2179 219.378 10884
2180 219.382 10857
2181 219.386 10929
2182 219.390 10972
2183 219.393 10938
2184 219.397 10907
2185 219.401 10886
2186 219.405 10929
2187 219.409 11065
2188 219.413 11036
2189 219.417 10899
2190 219.421 10904
2191 219.425 11029
2192 219.429 11027
2193 219.433 11028
2194 219.437 11119
2195 219.441 11070
2196 219.445 11062
2197 219.449 11140
2198 219.453 11296
2199 219.457 11349
2200 219.461 11364
2201 219.465 11408
2202 219.469 11573
2203 219.473 11620
2204 219.477 11636
2205 219.481 11601
2206 219.485 11393
2207 219.489 11257
2208 219.493 11230
2209 219.497 11335
2210 219.501 11553
2211 219.505 11891
2212 219.509 11993
2213 219.513 12256
2214 219.517 12531
2215 219.521 12943
2216 219.525 13312
2217 219.529 13579
2218 219.533 13915
2219 219.537 14215
2220 219.541 14474
2221 219.545 14713
2222 219.549 14888
2223 219.553 15251
2224 219.557 15484
2225 219.561 15810
2226 219.565 16179
2227 219.569 16555
2228 219.573 17043
2229 219.577 17588
2230 219.581 18170
2231 219.585 18738
2232 219.589 19434
2233 219.593 20062
2234 219.597 20658
2235 219.601 21387
2236 219.605 22147
2237 219.609 23017
2238 219.612 23862
2239 219.616 24830
2240 219.620 25887
2241 219.624 27090
2242 219.628 28233
2243 219.632 29560
2244 219.636 31078
2245 219.640 32743
2246 219.644 34565
2247 219.648 36675
2248 219.652 39026
2249 219.656 41643
2250 219.660 44861
2251 219.664 48452
2252 219.668 52639
2253 219.672 57538
2254 219.676 62966
2255 219.680 68836
2256 219.684 75342
2257 219.688 82840
2258 219.692 91547
2259 219.696 101712
2260 219.700 113106
2261 219.704 125922
2262 219.708 140384
2263 219.712 157055
2264 219.716 175185
2265 219.720 194227
2266 219.724 213504
2267 219.728 231817
2268 219.732 247266
2269 219.736 260196
2270 219.740 270118
2271 219.744 276742
2272 219.748 279455
2273 219.752 278281
2274 219.756 272712
2275 219.760 264037
2276 219.764 251979
2277 219.768 237387
2278 219.772 221128
2279 219.776 204418
2280 219.780 187032
2281 219.784 170227
2282 219.788 154173
2283 219.792 139485
2284 219.796 126070
2285 219.800 114523
2286 219.804 104208
2287 219.808 95543
2288 219.812 87876
2289 219.816 81760
2290 219.820 76615
2291 219.824 72411
2292 219.828 69138
2293 219.832 66884
2294 219.836 65262
2295 219.840 64311
2296 219.844 64044
2297 219.848 64234
2298 219.852 64991
2299 219.856 66389
2300 219.860 68339
2301 219.864 71148
2302 219.868 74976
2303 219.872 79924
2304 219.876 85979
2305 219.880 93498
2306 219.884 102845
2307 219.888 113862
2308 219.892 126571
2309 219.896 141325
2310 219.900 157274
2311 219.904 174924
2312 219.908 193859
2313 219.912 213984
2314 219.916 234188
2315 219.920 253413
2316 219.925 270859
2317 219.929 286143
2318 219.933 297545
2319 219.937 304708
2320 219.941 307193
2321 219.945 304858
2322 219.949 297507
2323 219.953 286117
2324 219.957 271039
2325 219.961 252846
2326 219.965 232456
2327 219.969 211699
2328 219.973 190485
2329 219.977 170218
2330 219.981 151379
2331 219.985 134720
2332 219.989 119781
2333 219.993 107241
2334 219.997 96382
2335 220.001 87399
2336 220.005 80052
2337 220.009 74136
2338 220.013 69352
2339 220.017 65623
2340 220.021 62726
2341 220.025 60678
2342 220.029 59365
2343 220.033 58744
2344 220.037 58959
2345 220.041 59934
2346 220.045 61755
2347 220.049 64407
2348 220.053 68028
2349 220.057 72929
2350 220.061 79140
2351 220.065 86871
2352 220.069 96280
2353 220.073 107560
2354 220.077 120658
2355 220.081 135857
2356 220.085 152462
2357 220.089 170170
2358 220.093 187547
2359 220.097 204485
2360 220.101 219062
2361 220.105 230376
2362 220.109 237082
2363 220.113 239039
2364 220.117 235479
2365 220.121 227299
2366 220.125 215400
2367 220.129 200266
2368 220.133 182399
2369 220.137 163765
2370 220.141 145041
2371 220.146 127102
2372 220.150 110537
2373 220.154 96217
2374 220.158 83613
2375 220.162 73025
2376 220.166 63784
2377 220.170 56156
2378 220.174 49709
2379 220.178 44186
2380 220.182 39627
2381 220.186 35837
2382 220.190 32589
2383 220.194 29721
2384 220.198 27496
2385 220.202 25561
2386 220.206 23654
2387 220.210 21855
2388 220.214 20022
2389 220.218 18299
2390 220.222 16590
2391 220.226 14883
2392 220.230 13374
2393 220.234 12213
2394 220.238 11484
2395 220.242 11105
2396 220.246 11042
2397 220.250 11154
2398 220.254 11449
2399 220.258 11731
2400 220.262 11890
2401 220.266 11872
2402 220.270 11743
2403 220.274 11485
2404 220.279 11263
2405 220.283 10996
2406 220.287 10700
2407 220.291 10508
2408 220.295 10347
2409 220.299 10183
2410 220.303 10032
2411 220.307 9930
2412 220.311 9775
2413 220.315 9673
2414 220.319 9550
2415 220.323 9505
2416 220.327 9424
2417 220.331 9232
2418 220.335 9149
2419 220.339 9211
2420 220.343 9208
2421 220.347 9241
2422 220.351 9262
2423 220.355 9292
2424 220.359 9334
2425 220.363 9251
2426 220.367 9281
2427 220.371 9383
2428 220.375 9423
2429 220.379 9627
2430 220.384 9800
2431 220.388 9939
2432 220.392 10003
2433 220.396 10152
2434 220.400 10383
2435 220.404 10601
2436 220.408 10836
2437 220.412 11186
2438 220.416 11387
2439 220.420 11645
2440 220.424 12022
2441 220.428 12348
2442 220.432 12760
2443 220.436 13129
2444 220.440 13567
2445 220.444 14151
2446 220.448 14909
2447 220.452 15584
2448 220.456 16416
2449 220.460 17443
2450 220.464 18454
2451 220.468 19696
2452 220.473 21084
2453 220.477 22703
2454 220.481 24689
2455 220.485 26952
2456 220.489 29446
2457 220.493 32605
2458 220.497 36363
2459 220.501 41076
2460 220.505 46701
2461 220.509 53507
2462 220.513 61835
2463 220.517 71791
2464 220.521 83643
2465 220.525 97253
2466 220.529 112549
2467 220.533 129143
2468 220.537 145564
2469 220.541 161185
2470 220.545 174609
2471 220.550 184843
2472 220.554 190443
2473 220.558 190713
2474 220.562 184869
2475 220.566 174297
2476 220.570 159614
2477 220.574 142983
2478 220.578 125856
2479 220.582 109777
2480 220.586 95215
2481 220.590 82721
2482 220.594 72449
2483 220.598 64576
2484 220.602 58510
2485 220.606 54376
2486 220.610 51298
2487 220.614 49808
2488 220.618 49595
2489 220.623 50346
2490 220.627 52364
2491 220.631 55614
2492 220.635 60432
2493 220.639 66876
2494 220.643 75051
2495 220.647 85615
2496 220.651 98274
2497 220.655 112795
2498 220.659 128886
2499 220.663 146191
2500 220.667 163202
2501 220.671 178852
2502 220.675 191434
2503 220.679 199744
2504 220.683 202061
2505 220.688 198824
2506 220.692 189498
2507 220.696 176027
2508 220.700 159186
2509 220.704 140966
2510 220.708 122271
2511 220.712 104880
2512 220.716 89825
2513 220.720 77170
2514 220.724 66697
2515 220.728 58869
2516 220.732 52894
2517 220.736 48345
2518 220.740 45524
2519 220.744 44092
2520 220.748 43633
2521 220.753 44350
2522 220.757 46349
2523 220.761 49668
2524 220.765 54190
2525 220.769 60339
2526 220.773 68115
2527 220.777 77845
2528 220.781 89185
2529 220.785 101842
2530 220.789 114822
2531 220.793 127242
2532 220.797 137487
2533 220.801 144669
2534 220.805 147248
2535 220.810 144790
2536 220.814 136944
2537 220.818 124830
2538 220.822 110338
2539 220.826 95335
2540 220.830 80896
2541 220.834 68293
2542 220.838 57535
2543 220.842 48373
2544 220.846 40548
2545 220.850 34350
2546 220.854 29417
2547 220.858 25539
2548 220.862 22298
2549 220.867 19706
2550 220.871 17503
2551 220.875 15769
2552 220.879 14282
2553 220.883 13076
2554 220.887 12012
2555 220.891 11089
2556 220.895 10288
2557 220.899 9699
2558 220.903 9235
2559 220.907 8655
2560 220.911 8342
2561 220.916 8060
2562 220.920 7841
2563 220.924 7664
2564 220.928 7288
2565 220.932 6971
2566 220.936 6762
2567 220.940 6558
2568 220.944 6467
2569 220.948 6231
2570 220.952 6091
2571 220.956 5987
2572 220.960 5885
2573 220.964 5887
2574 220.969 5865
2575 220.973 5861
2576 220.977 5799
2577 220.981 5767
2578 220.985 5691
2579 220.989 5715
2580 220.993 5781
2581 220.997 5824
2582 221.001 5806
2583 221.005 5845
2584 221.009 6012
2585 221.013 6120
2586 221.018 6111
2587 221.022 6211
2588 221.026 6364
2589 221.030 6495
2590 221.034 6791
2591 221.038 6963
2592 221.042 7238
2593 221.046 7481
2594 221.050 7899
2595 221.054 8449
2596 221.058 8839
2597 221.063 9301
2598 221.067 9985
2599 221.071 10933
2600 221.075 11869
2601 221.079 12902
2602 221.083 14151
2603 221.087 15704
2604 221.091 17754
2605 221.095 20277
2606 221.099 23447
2607 221.103 27522
2608 221.108 32277
2609 221.112 38424
2610 221.116 45610
2611 221.120 54228
2612 221.124 63841
2613 221.128 73887
2614 221.132 83799
2615 221.136 92532
2616 221.140 98704
2617 221.144 101413
2618 221.148 99931
2619 221.153 94303
2620 221.157 85458
2621 221.161 75189
2622 221.165 64406
2623 221.169 54601
2624 221.173 46486
2625 221.177 39970
2626 221.181 35060
2627 221.185 31639
2628 221.189 29595
2629 221.194 28928
2630 221.198 29279
2631 221.202 30500
2632 221.206 32581
2633 221.210 35927
2634 221.214 40529
2635 221.218 46404
2636 221.222 53404
2637 221.226 61875
2638 221.230 70820
2639 221.235 80033
2640 221.239 88097
2641 221.243 94354
2642 221.247 97423
2643 221.251 97148
2644 221.255 93056
2645 221.259 85971
2646 221.263 76637
2647 221.267 66456
2648 221.271 56264
2649 221.276 47132
2650 221.280 39334
2651 221.284 33443
2652 221.288 29233
2653 221.292 26284
2654 221.296 24521
2655 221.300 23655
2656 221.304 23637
2657 221.308 24974
2658 221.313 27082
2659 221.317 30028
2660 221.321 34066
2661 221.325 39188
2662 221.329 45323
2663 221.333 51936
2664 221.337 58574
2665 221.341 64637
2666 221.345 68674
2667 221.350 70486
2668 221.354 69195
2669 221.358 64968
2670 221.362 58142
2671 221.366 50057
2672 221.370 41606
2673 221.374 33984
2674 221.378 27479
2675 221.382 22284
2676 221.387 18177
2677 221.391 15087
2678 221.395 12599
2679 221.399 10665
2680 221.403 9281
2681 221.407 8203
2682 221.411 7173
2683 221.415 6548
2684 221.419 6024
2685 221.424 5627
2686 221.428 5159
2687 221.432 4767
2688 221.436 4434
2689 221.440 4132
2690 221.444 3819
2691 221.448 3692
2692 221.452 3497
2693 221.456 3302
2694 221.461 3130
2695 221.465 3094
2696 221.469 3059
2697 221.473 2965
2698 221.477 2861
2699 221.481 2774
2700 221.485 2791
2701 221.489 2815
2702 221.494 2765
2703 221.498 2645
2704 221.502 2640
2705 221.506 2797
2706 221.510 2831
2707 221.514 2792
2708 221.518 2808
2709 221.522 2732
2710 221.527 2757
2711 221.531 2797
2712 221.535 2925
2713 221.539 3050
2714 221.543 3151
2715 221.547 3228
2716 221.551 3284
2717 221.555 3491
2718 221.559 3754
2719 221.564 3933
2720 221.568 4228
2721 221.572 4625
2722 221.576 5063
2723 221.580 5523
2724 221.584 6248
2725 221.588 7233
2726 221.592 8391
2727 221.597 9733
2728 221.601 11222
2729 221.605 13244
2730 221.609 15977
2731 221.613 19475
2732 221.617 23661
2733 221.621 28738
2734 221.626 33868
2735 221.630 38181
2736 221.634 41407
2737 221.638 42965
2738 221.642 41398
2739 221.646 38149
2740 221.650 33655
2741 221.654 28850
2742 221.659 24180
2743 221.663 20203
2744 221.667 17087
2745 221.671 14857
2746 221.675 13523
2747 221.679 12993
2748 221.683 13034
2749 221.687 13633
2750 221.692 14901
2751 221.696 16874
2752 221.700 19663
2753 221.704 23337
2754 221.708 27416
2755 221.712 31810
2756 221.716 36148
2757 221.721 39689
2758 221.725 41494
2759 221.729 41352
2760 221.733 39046
2761 221.737 35274
2762 221.741 30560
2763 221.745 25514
2764 221.750 20905
2765 221.754 17268
2766 221.758 14485
2767 221.762 12534
2768 221.766 11229
2769 221.770 10369
2770 221.774 10224
2771 221.778 10671
2772 221.783 11608
2773 221.787 13117
2774 221.791 15231
2775 221.795 17822
2776 221.799 20719
2777 221.803 23842
2778 221.807 26564
2779 221.812 28394
2780 221.816 28816
2781 221.820 27818
2782 221.824 25301
2783 221.828 21827
2784 221.832 17997
2785 221.836 14498
2786 221.841 11465
2787 221.845 9037
2788 221.849 7237
2789 221.853 5975
2790 221.857 4852
2791 221.861 3990
2792 221.866 3579
2793 221.870 3099
2794 221.874 2660
2795 221.878 2437
2796 221.882 2271
2797 221.886 2043
2798 221.890 1823
2799 221.895 1667
2800 221.899 1516
2801 221.903 1393
2802 221.907 1360
2803 221.911 1207
2804 221.915 1017
2805 221.919 926
2806 221.924 807
2807 221.928 717
2808 221.932 814
2809 221.936 827
2810 221.940 726
2811 221.944 771
2812 221.948 774
2813 221.953 777
2814 221.957 725
2815 221.961 669
2816 221.965 713
2817 221.969 734
2818 221.973 702
2819 221.978 597
2820 221.982 621
2821 221.986 598
2822 221.990 629
2823 221.994 709
2824 221.998 818
2825 222.002 877
2826 222.007 854
2827 222.011 1085
2828 222.015 1266
2829 222.019 1300
2830 222.023 1379
2831 222.027 1546
2832 222.032 1787
2833 222.036 2305
2834 222.040 2893
2835 222.044 3599
2836 222.048 4433
2837 222.052 5468
2838 222.057 6699
2839 222.061 7936
2840 222.065 9070
2841 222.069 9652
2842 222.073 9496
2843 222.077 9022
2844 222.081 8020
2845 222.086 6763
2846 222.090 5449
2847 222.094 4367
2848 222.098 3557
2849 222.102 2899
2850 222.106 2497
2851 222.111 2295
2852 222.115 2161
2853 222.119 2162
2854 222.123 2384
2855 222.127 2827
2856 222.131 3410
2857 222.136 4105
2858 222.140 4753
2859 222.144 5422
2860 222.148 5748
2861 222.152 5811
2862 222.156 5695
2863 222.161 5215
2864 222.165 4418
2865 222.169 3612
2866 222.173 2837
2867 222.177 2045
2868 222.181 1696
2869 222.186 1542
2870 222.190 1429
2871 222.194 1269
2872 222.198 1161
2873 222.202 1201
2874 222.206 1298
2875 222.211 1391
2876 222.215 1741
2877 222.219 2217
2878 222.223 2508
2879 222.227 2807
2880 222.231 2887
2881 222.236 2857
2882 222.240 2635
2883 222.244 2291
2884 222.248 1810
2885 222.252 1338
2886 222.257 965
2887 222.261 701
2888 222.265 439
2889 222.269 108
2890 222.273 33
2891 222.277 -9
2892 222.282 -41
2893 222.286 -112
2894 222.290 -77
2895 222.294 -217
2896 222.298 -246
2897 222.302 -191
2898 222.307 -259
2899 222.311 -349
2900 222.315 -321
2901 222.319 -310
2902 222.323 -343
2903 222.328 -232
2904 222.332 -383
2905 222.336 -403
2906 222.340 -411
2907 222.344 -418
2908 222.348 -391
2909 222.353 -445
2910 222.357 -573
2911 222.361 -560
2912 222.365 -532
2913 222.369 -547
2914 222.374 -504
2915 222.378 -440
2916 222.382 -352
2917 222.386 -397
2918 222.390 -394
2919 222.394 -442
2920 222.399 -465
2921 222.403 -435
2922 222.407 -464
2923 222.411 -419
2924 222.415 -438
2925 222.420 -402
2926 222.424 -412
2927 222.428 -457
2928 222.432 -450
2929 222.436 -293
2930 222.440 -192
2931 222.445 -156
2932 222.449 -193
2933 222.453 -123
2934 222.457 -38
2935 222.461 -92
2936 222.466 -80
2937 222.470 -132
2938 222.474 -246
2939 222.478 -251
2940 222.482 -282
2941 222.487 -296
2942 222.491 -365
2943 222.495 -332
2944 222.499 -345
2945 222.503 -449
2946 222.507 -389
2947 222.512 -382
2948 222.516 -267
2949 222.520 -161
2950 222.524 -224
2951 222.528 -312
2952 222.533 -259
2953 222.537 -288
2954 222.541 -296
2955 222.545 -316
2956 222.549 -393
2957 222.554 -352
2958 222.558 -306
2959 222.562 -272
2960 222.566 -316
2961 222.570 -359
2962 222.575 -354
2963 222.579 -344
2964 222.583 -385
2965 222.587 -466
2966 222.591 -416
2967 222.596 -360
2968 222.600 -273
2969 222.604 -361
2970 222.608 -459
2971 222.612 -447
2972 222.617 -533
2973 222.621 -539
2974 222.625 -467
2975 222.629 -527
2976 222.633 -473
2977 222.638 -394
2978 222.642 -489
2979 222.646 -603
2980 222.650 -559
2981 222.654 -503
2982 222.659 -517
2983 222.663 -487
2984 222.667 -489
2985 222.671 -483
2986 222.675 -542
2987 222.680 -611
2988 222.684 -578
2989 222.688 -514
2990 222.692 -601
2991 222.696 -582
2992 222.701 -455
2993 222.705 -436
2994 222.709 -536
2995 222.713 -538
2996 222.717 -480
2997 222.722 -450
2998 222.726 -451
2999 222.730 -512
3000 222.734 -570
3001 222.738 -553
3002 222.743 -601
3003 222.747 -584
3004 222.751 -579
3005 222.755 -494
3006 222.760 -426
3007 222.764 -503
3008 222.768 -541
3009 222.772 -507
3010 222.776 -453
3011 222.781 -393
3012 222.785 -418
3013 222.789 -492
3014 222.793 -480
3015 222.797 -410
3016 222.802 -406
3017 222.806 -467
3018 222.810 -581
3019 222.814 -587
3020 222.818 -620
3021 222.823 -598
3022 222.827 -579
3023 222.831 -538
3024 222.835 -481
3025 222.840 -486
3026 222.844 -466
3027 222.848 -427
3028 222.852 -434
3029 222.856 -444
3030 222.861 -443
3031 222.865 -433
3032 222.869 -554
3033 222.873 -558
3034 222.877 -481
3035 222.882 -492
3036 222.886 -344
3037 222.890 -397
3038 222.894 -421
3039 222.899 -309
3040 222.903 -366
3041 222.907 -472
3042 222.911 -484
3043 222.915 -536
3044 222.920 -634
3045 222.924 -616
3046 222.928 -615
3047 222.932 -563
3048 222.937 -512
3049 222.941 -449
3050 222.945 -469
3051 222.949 -471
3052 222.953 -474
3053 222.958 -503
3054 222.962 -410
3055 222.966 -436
3056 222.970 -457
3057 222.975 -506
3058 222.979 -609
3059 222.983 -548
3060 222.987 -477
3061 222.991 -501
3062 222.996 -595
3063 223.000 -512
3064 223.004 -551
3065 223.008 -586
3066 223.013 -586
3067 223.017 -651
3068 223.021 -708
3069 223.025 -600
3070 223.030 -602
3071 223.034 -577
3072 223.038 -497
3073 223.042 -476
3074 223.046 -543
3075 223.051 -590
3076 223.055 -650
3077 223.059 -665
3078 223.063 -577
3079 223.068 -552
3080 223.072 -515
3081 223.076 -543
3082 223.080 -536
3083 223.085 -529
3084 223.089 -470
3085 223.093 -492
3086 223.097 -499
3087 223.101 -463
3088 223.106 -477
3089 223.110 -462
3090 223.114 -486
3091 223.118 -461
3092 223.123 -520
3093 223.127 -485
3094 223.131 -498
3095 223.135 -492
3096 223.140 -610
3097 223.144 -629
3098 223.148 -604
3099 223.152 -551
3100 223.157 -510
3101 223.161 -484
3102 223.165 -570
3103 223.169 -682
3104 223.173 -658
3105 223.178 -626
3106 223.182 -681
3107 223.186 -646
3108 223.190 -625
3109 223.195 -595
3110 223.199 -506
3111 223.203 -517
3112 223.207 -516
3113 223.212 -533
3114 223.216 -476
3115 223.220 -548
3116 223.224 -617
3117 223.229 -609
3118 223.233 -603
3119 223.237 -597
3120 223.241 -616
3121 223.246 -615
3122 223.250 -642
3123 223.254 -560
3124 223.258 -596
3125 223.263 -625
3126 223.267 -643
3127 223.271 -701
3128 223.275 -668
3129 223.280 -629
3130 223.284 -694
3131 223.288 -637
3132 223.292 -613
3133 223.297 -626
3134 223.301 -544
3135 223.305 -525
3136 223.309 -626
3137 223.314 -609
3138 223.318 -554
3139 223.322 -565
3140 223.326 -427
3141 223.331 -370
3142 223.335 -410
3143 223.339 -495
3144 223.343 -652
3145 223.348 -767
3146 223.352 -692
3147 223.356 -536
3148 223.360 -531
3149 223.365 -567
3150 223.369 -633
3151 223.373 -655
3152 223.377 -636
3153 223.382 -582
3154 223.386 -560
3155 223.390 -564
3156 223.394 -533
3157 223.399 -479
3158 223.403 -446
3159 223.407 -395
3160 223.411 -514
3161 223.416 -563
3162 223.420 -592
3163 223.424 -638
3164 223.428 -604
3165 223.433 -512
3166 223.437 -511
3167 223.441 -641
3168 223.445 -719
3169 223.450 -600
3170 223.454 -547
3171 223.458 -589
3172 223.462 -556
3173 223.467 -553
3174 223.471 -560
3175 223.475 -579
3176 223.479 -504
3177 223.484 -503
3178 223.488 -585
3179 223.492 -623
3180 223.497 -680
3181 223.501 -631
3182 223.505 -638
3183 223.509 -629
3184 223.514 -550
3185 223.518 -570
3186 223.522 -588
3187 223.526 -549
3188 223.531 -553
3189 223.535 -598
3190 223.539 -612
3191 223.543 -583
3192 223.548 -619
3193 223.552 -525
3194 223.556 -464
3195 223.561 -517
3196 223.565 -487
3197 223.569 -478
3198 223.573 -554
3199 223.578 -597
3200 223.582 -553
3201 223.586 -562
3202 223.590 -528
3203 223.595 -486
3204 223.599 -545
3205 223.603 -548
3206 223.607 -548
3207 223.612 -625
3208 223.616 -713
3209 223.620 -657
3210 223.625 -596
3211 223.629 -547
3212 223.633 -541
3213 223.637 -542
3214 223.642 -627
3215 223.646 -732
3216 223.650 -752
3217 223.654 -596
3218 223.659 -499
3219 223.663 -474
3220 223.667 -641
3221 223.672 -625
3222 223.676 -404
3223 223.680 -315
3224 223.684 -350
3225 223.689 -480
3226 223.693 -574
3227 223.697 -606
3228 223.701 -613
3229 223.706 -606
3230 223.710 -618
3231 223.714 -580
3232 223.719 -534
3233 223.723 -539
3234 223.727 -542
3235 223.731 -582
3236 223.736 -581
3237 223.740 -519
3238 223.744 -520
3239 223.749 -537
3240 223.753 -586
3241 223.757 -654
3242 223.761 -549
3243 223.766 -513
3244 223.770 -484
3245 223.774 -500
3246 223.779 -514
3247 223.783 -576
3248 223.787 -599
3249 223.791 -550
3250 223.796 -538
3251 223.800 -555
3252 223.804 -501
3253 223.809 -486
3254 223.813 -506
3255 223.817 -537
3256 223.821 -549
3257 223.826 -546
3258 223.830 -628
3259 223.834 -590
3260 223.839 -516
3261 223.843 -549
3262 223.847 -598
3263 223.851 -617
3264 223.856 -658
3265 223.860 -650
3266 223.864 -663
3267 223.869 -542
3268 223.873 -492
3269 223.877 -525
3270 223.881 -459
3271 223.886 -456
3272 223.890 -481
3273 223.894 -549
3274 223.899 -517
3275 223.903 -406
3276 223.907 -382
3277 223.911 -421
3278 223.916 -417
3279 223.920 -454
3280 223.924 -538
3281 223.929 -606
3282 223.933 -566
3283 223.937 -574
3284 223.941 -555
3285 223.946 -546
3286 223.950 -563
3287 223.954 -536
3288 223.959 -554
3289 223.963 -546
3290 223.967 -632
3291 223.972 -698
3292 223.976 -543
3293 223.980 -507
3294 223.984 -553
3295 223.989 -521
3296 223.993 -533
3297 223.997 -501
3298 224.002 -464
3299 224.006 -409
3300 224.010 -436
3301 224.015 -518
3302 224.019 -561
3303 224.023 -494
3304 224.027 -529
3305 224.032 -602
3306 224.036 -573
3307 224.040 -587
3308 224.045 -573
3309 224.049 -507
3310 224.053 -419
3311 224.058 -469
3312 224.062 -498
3313 224.066 -546
3314 224.070 -532
3315 224.075 -473
3316 224.079 -412
3317 224.083 -488
3318 224.088 -480
3319 224.092 -486
3320 224.096 -490
3321 224.101 -504
3322 224.105 -631
3323 224.109 -726
3324 224.114 -602
3325 224.118 -592
3326 224.122 -535
3327 224.126 -506
3328 224.131 -602
3329 224.135 -544
3330 224.139 -609
3331 224.144 -551
3332 224.148 -495
3333 224.152 -489
3334 224.157 -515
3335 224.161 -534
3336 224.165 -452
3337 224.170 -395
3338 224.174 -445
3339 224.178 -628
3340 224.182 -676
3341 224.187 -580
3342 224.191 -487
3343 224.195 -458
3344 224.200 -471
3345 224.204 -485
3346 224.208 -350
3347 224.213 -401
3348 224.217 -355
3349 224.221 -443
3350 224.226 -528
3351 224.230 -586
3352 224.234 -626
3353 224.239 -512
3354 224.243 -392
3355 224.247 -493
3356 224.252 -518
3357 224.256 -524
3358 224.260 -493
3359 224.264 -520
3360 224.269 -504
3361 224.273 -460
3362 224.277 -518
3363 224.282 -522
3364 224.286 -453
3365 224.290 -392
3366 224.295 -430
3367 224.299 -409
3368 224.303 -402
3369 224.308 -472
3370 224.312 -534
3371 224.316 -463
3372 224.321 -459
3373 224.325 -430
3374 224.329 -480
3375 224.334 -384
3376 224.338 -407
3377 224.342 -535
3378 224.347 -597
3379 224.351 -543
3380 224.355 -631
3381 224.360 -587
3382 224.364 -607
3383 224.368 -555
3384 224.372 -526
3385 224.377 -556
3386 224.381 -542
3387 224.385 -548
3388 224.390 -428
3389 224.394 -495
3390 224.398 -484
3391 224.403 -384
3392 224.407 -318
3393 224.411 -315
3394 224.416 -305
3395 224.420 -482
3396 224.424 -442
3397 224.429 -363
3398 224.433 -353
3399 224.437 -384
3400 224.442 -402
3401 224.446 -421
3402 224.450 -368
3403 224.455 -327
3404 224.459 -421
3405 224.463 -396
3406 224.468 -495
3407 224.472 -471
3408 224.476 -385
3409 224.481 -387
3410 224.485 -465
3411 224.489 -498
3412 224.494 -448
3413 224.498 -457
3414 224.502 -421
3415 224.507 -424
3416 224.511 -406
3417 224.515 -426
3418 224.520 -384
3419 224.524 -327
3420 224.528 -252
3421 224.533 -274
3422 224.537 -408
3423 224.541 -383
3424 224.546 -358
3425 224.550 -398
3426 224.554 -429
3427 224.559 -539
3428 224.563 -562
3429 224.567 -499
3430 224.572 -500
3431 224.576 -477
3432 224.580 -443
3433 224.585 -545
3434 224.589 -531
3435 224.594 -505
3436 224.598 -366
3437 224.602 -435
3438 224.607 -412
3439 224.611 -362
3440 224.615 -370
3441 224.620 -314
3442 224.624 -383
3443 224.628 -349
3444 224.633 -282
3445 224.637 -393
3446 224.641 -422
3447 224.646 -328
3448 224.650 -323
3449 224.654 -400
3450 224.659 -489
3451 224.663 -371
3452 224.667 -318
3453 224.672 -330
3454 224.676 -365
3455 224.680 -430
3456 224.685 -407
3457 224.689 -419
3458 224.693 -362
3459 224.698 -297
3460 224.702 -393
3461 224.707 -396
3462 224.711 -462
3463 224.715 -493
3464 224.720 -399
3465 224.724 -397
3466 224.728 -382
3467 224.733 -321
3468 224.737 -346
3469 224.741 -421
3470 224.746 -411
3471 224.750 -327
3472 224.754 -368
3473 224.759 -451
3474 224.763 -386
3475 224.767 -390
3476 224.772 -408
3477 224.776 -373
3478 224.781 -293
3479 224.785 -269
3480 224.789 -376
3481 224.794 -363
3482 224.798 -329
3483 224.802 -357
3484 224.807 -436
3485 224.811 -393
3486 224.815 -295
3487 224.820 -317
3488 224.824 -309
3489 224.828 -306
3490 224.833 -333
3491 224.837 -302
3492 224.842 -384
3493 224.846 -318
3494 224.850 -310
3495 224.855 -336
3496 224.859 -411
3497 224.863 -558
3498 224.868 -550
3499 224.872 -406
3500 224.876 -431
3501 224.881 -384
3502 224.885 -440
3503 224.889 -434
3504 224.894 -396
3505 224.898 -429
3506 224.903 -354
3507 224.907 -343
3508 224.911 -356
3509 224.916 -299
3510 224.920 -346
3511 224.924 -259
3512 224.929 -337
3513 224.933 -378
3514 224.938 -328
3515 224.942 -272
3516 224.946 -329
3517 224.951 -337
3518 224.955 -415
3519 224.959 -514
3520 224.964 -364
3521 224.968 -332
3522 224.972 -422
3523 224.977 -471
3524 224.981 -557
3525 224.986 -603
3526 224.990 -455
3527 224.994 -241
3528 224.999 -200
3529 225.003 -288
3530 225.007 -351
3531 225.012 -312
3532 225.016 -279
3533 225.021 -348
3534 225.025 -373
3535 225.029 -402
3536 225.034 -337
3537 225.038 -300
3538 225.042 -398
3539 225.047 -406
3540 225.051 -417
3541 225.056 -520
3542 225.060 -487
3543 225.064 -473
3544 225.069 -403
3545 225.073 -314
3546 225.077 -247
3547 225.082 -216
3548 225.086 -368
3549 225.091 -318
3550 225.095 -359
3551 225.099 -439
3552 225.104 -440
3553 225.108 -463
3554 225.112 -483
3555 225.117 -403
3556 225.121 -393
3557 225.126 -502
3558 225.130 -477
3559 225.134 -459
3560 225.139 -495
3561 225.143 -396
3562 225.147 -311
3563 225.152 -268
3564 225.156 -409
3565 225.161 -394
3566 225.165 -335
3567 225.169 -457
3568 225.174 -433
3569 225.178 -402
3570 225.183 -350
3571 225.187 -394
3572 225.191 -435
3573 225.196 -369
3574 225.200 -325
3575 225.204 -375
3576 225.209 -374
3577 225.213 -388
3578 225.218 -352
3579 225.222 -222
3580 225.226 -322
3581 225.231 -341
3582 225.235 -304
3583 225.240 -311
3584 225.244 -367
3585 225.248 -433
3586 225.253 -338
3587 225.257 -335
3588 225.262 -348
3589 225.266 -234
3590 225.270 -220
3591 225.275 -305
3592 225.279 -371
3593 225.284 -341
3594 225.288 -315
3595 225.292 -374
3596 225.297 -484
3597 225.301 -428
3598 225.305 -284
3599 225.310 -328
3600 225.314 -369
3601 225.319 -384
3602 225.323 -276
3603 225.327 -231
3604 225.332 -371
3605 225.336 -589
3606 225.341 -468
3607 225.345 -340
3608 225.349 -306
3609 225.354 -407
3610 225.358 -382
3611 225.363 -329
3612 225.367 -344
3613 225.371 -403
3614 225.376 -264
3615 225.380 -228
3616 225.385 -262
3617 225.389 -363
3618 225.393 -417
3619 225.398 -388
3620 225.402 -332
3621 225.407 -340
3622 225.411 -379
3623 225.415 -423
3624 225.420 -397
3625 225.424 -392
3626 225.429 -409
3627 225.433 -266
3628 225.437 -283
3629 225.442 -308
3630 225.446 -282
3631 225.451 -367
3632 225.455 -374
3633 225.459 -268
3634 225.464 -278
3635 225.468 -336
3636 225.473 -341
3637 225.477 -312
3638 225.481 -231
3639 225.486 -225
3640 225.490 -282
3641 225.495 -352
3642 225.499 -340
3643 225.504 -351
3644 225.508 -279
3645 225.512 -301
3646 225.517 -362
3647 225.521 -480
3648 225.526 -371
