1 211.301 -61
2 211.305 -45
3 211.308 -27
4 211.312 24
5 211.315 116
6 211.319 93
7 211.322 21
8 211.325 -21
9 211.329 45
10 211.332 -9
11 211.336 -39
12 211.339 32
13 211.343 99
14 211.346 97
15 211.350 96
16 211.353 92
17 211.357 41
18 211.360 -7
19 211.364 72
20 211.367 107
21 211.371 95
22 211.374 112
23 211.378 75
24 211.381 -30
25 211.385 -110
26 211.388 -50
27 211.392 -97
28 211.395 -125
29 211.398 44
30 211.402 136
31 211.405 22
32 211.409 -63
33 211.412 -183
34 211.416 -229
35 211.419 -334
36 211.423 -407
37 211.426 -378
38 211.430 -226
39 211.433 -271
40 211.437 -311
41 211.440 -373
42 211.444 -337
43 211.447 -345
44 211.451 -314
45 211.454 -298
46 211.458 -379
47 211.461 -311
48 211.465 -323
49 211.468 -397
50 211.472 -338
51 211.475 -360
52 211.478 -293
53 211.482 -315
54 211.485 -255
55 211.489 -252
56 211.492 -328
57 211.496 -370
58 211.499 -334
59 211.503 -360
60 211.506 -269
61 211.510 -241
62 211.513 -246
63 211.517 -254
64 211.520 -327
65 211.524 -337
66 211.527 -326
67 211.531 -334
68 211.534 -294
69 211.538 -309
70 211.541 -281
71 211.545 -300
72 211.548 -289
73 211.552 -313
74 211.555 -419
75 211.559 -347
76 211.562 -311
77 211.566 -348
78 211.569 -344
79 211.573 -274
80 211.576 -290
81 211.580 -342
82 211.583 -268
83 211.587 -260
84 211.590 -309
85 211.593 -252
86 211.597 -341
87 211.600 -397
88 211.604 -340
89 211.607 -381
90 211.611 -345
91 211.614 -313
92 211.618 -422
93 211.621 -357
94 211.625 -331
95 211.628 -336
96 211.632 -327
97 211.635 -321
98 211.639 -277
99 211.642 -247
100 211.646 -204
101 211.649 -187
102 211.653 -250
103 211.656 -215
104 211.660 -232
105 211.663 -284
106 211.667 -329
107 211.670 -435
108 211.674 -424
109 211.677 -387
110 211.681 -332
111 211.684 -291
112 211.688 -322
113 211.691 -273
114 211.695 -314
115 211.698 -408
116 211.702 -421
117 211.705 -419
118 211.709 -408
119 211.712 -361
120 211.716 -404
121 211.719 -448
122 211.723 -370
123 211.726 -384
124 211.730 -366
125 211.733 -411
126 211.737 -352
127 211.740 -255
128 211.744 -254
129 211.747 -331
130 211.751 -291
131 211.754 -350
132 211.758 -354
133 211.761 -313
134 211.765 -344
135 211.768 -345
136 211.772 -366
137 211.775 -429
138 211.779 -507
139 211.782 -531
140 211.786 -588
141 211.789 -493
142 211.793 -445
143 211.796 -421
144 211.800 -333
145 211.803 -356
146 211.807 -329
147 211.810 -373
148 211.814 -394
149 211.817 -362
150 211.821 -449
151 211.824 -412
152 211.828 -387
153 211.831 -341
154 211.835 -343
155 211.838 -319
156 211.842 -340
157 211.845 -383
158 211.849 -370
159 211.852 -333
160 211.856 -329
161 211.859 -332
162 211.863 -380
163 211.866 -359
164 211.870 -343
165 211.873 -391
166 211.877 -349
167 211.880 -399
168 211.884 -375
169 211.887 -375
170 211.891 -388
171 211.894 -338
172 211.898 -407
173 211.901 -431
174 211.905 -459
175 211.908 -422
176 211.912 -379
177 211.915 -436
178 211.919 -490
179 211.922 -460
180 211.926 -384
181 211.929 -412
182 211.933 -473
183 211.936 -434
184 211.940 -437
185 211.943 -321
186 211.947 -336
187 211.950 -312
188 211.954 -358
189 211.957 -341
190 211.961 -427
191 211.964 -432
192 211.968 -385
193 211.971 -443
194 211.975 -481
195 211.978 -470
196 211.982 -389
197 211.985 -431
198 211.989 -379
199 211.992 -357
200 211.996 -355
201 211.999 -388
202 212.003 -489
203 212.006 -607
204 212.010 -627
205 212.013 -527
206 212.017 -573
207 212.020 -511
208 212.024 -438
209 212.028 -366
210 212.031 -419
211 212.035 -440
212 212.038 -389
213 212.042 -439
214 212.045 -453
215 212.049 -394
216 212.052 -338
217 212.056 -381
218 212.059 -373
219 212.063 -423
220 212.066 -413
221 212.070 -440
222 212.073 -442
223 212.077 -395
224 212.080 -403
225 212.084 -437
226 212.087 -438
227 212.091 -418
228 212.094 -367
229 212.098 -382
230 212.101 -360
231 212.105 -420
232 212.108 -386
233 212.112 -424
234 212.115 -452
235 212.119 -353
236 212.122 -424
237 212.126 -380
238 212.129 -372
239 212.133 -466
240 212.136 -471
241 212.140 -375
242 212.144 -359
243 212.147 -415
244 212.151 -393
245 212.154 -401
246 212.158 -366
247 212.161 -336
248 212.165 -297
249 212.168 -325
250 212.172 -408
251 212.175 -392
252 212.179 -347
253 212.182 -288
254 212.186 -225
255 212.189 -228
256 212.193 -347
257 212.196 -456
258 212.200 -488
259 212.203 -385
260 212.207 -427
261 212.210 -439
262 212.214 -388
263 212.217 -399
264 212.221 -460
265 212.225 -457
266 212.228 -414
267 212.232 -286
268 212.235 -348
269 212.239 -402
270 212.242 -333
271 212.246 -380
272 212.249 -390
273 212.253 -259
274 212.256 -336
275 212.260 -457
276 212.263 -419
277 212.267 -376
278 212.270 -481
279 212.274 -490
280 212.277 -423
281 212.281 -389
282 212.284 -368
283 212.288 -380
284 212.291 -427
285 212.295 -426
286 212.299 -379
287 212.302 -398
288 212.306 -289
289 212.309 -360
290 212.313 -382
291 212.316 -480
292 212.320 -398
293 212.323 -278
294 212.327 -283
295 212.330 -360
296 212.334 -431
297 212.337 -447
298 212.341 -437
299 212.344 -516
300 212.348 -486
301 212.351 -505
302 212.355 -403
303 212.359 -379
304 212.362 -331
305 212.366 -478
306 212.369 -437
307 212.373 -465
308 212.376 -462
309 212.380 -411
310 212.383 -421
311 212.387 -374
312 212.390 -411
313 212.394 -394
314 212.397 -424
315 212.401 -467
316 212.404 -457
317 212.408 -454
318 212.412 -374
319 212.415 -370
320 212.419 -290
321 212.422 -334
322 212.426 -399
323 212.429 -423
324 212.433 -412
325 212.436 -419
326 212.440 -444
327 212.443 -472
328 212.447 -407
329 212.450 -353
330 212.454 -282
331 212.457 -386
332 212.461 -422
333 212.465 -447
334 212.468 -479
335 212.472 -379
336 212.475 -334
337 212.479 -313
338 212.482 -302
339 212.486 -443
340 212.489 -347
341 212.493 -385
342 212.496 -494
343 212.500 -446
344 212.503 -406
345 212.507 -418
346 212.511 -306
347 212.514 -276
348 212.518 -316
349 212.521 -357
350 212.525 -405
351 212.528 -437
352 212.532 -493
353 212.535 -418
354 212.539 -394
355 212.542 -431
356 212.546 -378
357 212.550 -378
358 212.553 -406
359 212.557 -420
360 212.560 -470
361 212.564 -353
362 212.567 -327
363 212.571 -420
364 212.574 -390
365 212.578 -437
366 212.581 -409
367 212.585 -319
368 212.588 -375
369 212.592 -451
370 212.596 -501
371 212.599 -496
372 212.603 -441
373 212.606 -513
374 212.610 -517
375 212.613 -518
376 212.617 -528
377 212.620 -588
378 212.624 -487
379 212.627 -500
380 212.631 -519
381 212.635 -470
382 212.638 -510
383 212.642 -523
384 212.645 -474
385 212.649 -496
386 212.652 -484
387 212.656 -423
388 212.659 -358
389 212.663 -274
390 212.667 -293
391 212.670 -360
392 212.674 -429
393 212.677 -483
394 212.681 -418
395 212.684 -412
396 212.688 -493
397 212.691 -372
398 212.695 -362
399 212.698 -431
400 212.702 -499
401 212.706 -517
402 212.709 -630
403 212.713 -551
404 212.716 -425
405 212.720 -485
406 212.723 -411
407 212.727 -378
408 212.730 -442
409 212.734 -341
410 212.738 -339
411 212.741 -449
412 212.745 -465
413 212.748 -431
414 212.752 -370
415 212.755 -358
416 212.759 -331
417 212.762 -314
418 212.766 -363
419 212.770 -319
420 212.773 -397
421 212.777 -514
422 212.780 -558
423 212.784 -586
424 212.787 -607
425 212.791 -509
426 212.794 -447
427 212.798 -340
428 212.802 -279
429 212.805 -270
430 212.809 -352
431 212.812 -426
432 212.816 -459
433 212.819 -545
434 212.823 -608
435 212.826 -609
436 212.830 -466
437 212.834 -422
438 212.837 -458
439 212.841 -396
440 212.844 -382
441 212.848 -500
442 212.851 -460
443 212.855 -440
444 212.858 -482
445 212.862 -437
446 212.866 -461
447 212.869 -506
448 212.873 -533
449 212.876 -456
450 212.880 -473
451 212.883 -436
452 212.887 -333
453 212.890 -348
454 212.894 -461
455 212.898 -433
456 212.901 -415
457 212.905 -462
458 212.908 -629
459 212.912 -691
460 212.915 -556
461 212.919 -379
462 212.923 -392
463 212.926 -422
464 212.930 -498
465 212.933 -460
466 212.937 -433
467 212.940 -458
468 212.944 -525
469 212.948 -475
470 212.951 -499
471 212.955 -504
472 212.958 -554
473 212.962 -477
474 212.965 -481
475 212.969 -499
476 212.972 -537
477 212.976 -479
478 212.980 -539
479 212.983 -596
480 212.987 -581
481 212.990 -486
482 212.994 -639
483 212.997 -628
484 213.001 -625
485 213.005 -568
486 213.008 -580
487 213.012 -580
488 213.015 -576
489 213.019 -434
490 213.022 -350
491 213.026 -410
492 213.030 -520
493 213.033 -452
494 213.037 -444
495 213.040 -438
496 213.044 -471
497 213.047 -392
498 213.051 -383
499 213.055 -473
500 213.058 -489
501 213.062 -464
502 213.065 -477
503 213.069 -477
504 213.072 -491
505 213.076 -472
506 213.080 -525
507 213.083 -512
508 213.087 -564
509 213.090 -586
510 213.094 -508
511 213.097 -493
512 213.101 -490
513 213.105 -457
514 213.108 -461
515 213.112 -520
516 213.115 -610
517 213.119 -569
518 213.122 -454
519 213.126 -446
520 213.130 -477
521 213.133 -523
522 213.137 -532
523 213.140 -512
524 213.144 -584
525 213.147 -497
526 213.151 -405
527 213.155 -499
528 213.158 -335
529 213.162 -278
530 213.165 -379
531 213.169 -438
532 213.173 -396
533 213.176 -326
534 213.180 -350
535 213.183 -492
536 213.187 -444
537 213.190 -436
538 213.194 -439
539 213.198 -402
540 213.201 -343
541 213.205 -399
542 213.208 -522
543 213.212 -586
544 213.215 -616
545 213.219 -552
546 213.223 -516
547 213.226 -527
548 213.230 -544
549 213.233 -513
550 213.237 -418
551 213.241 -399
552 213.244 -457
553 213.248 -569
554 213.251 -464
555 213.255 -476
556 213.258 -447
557 213.262 -548
558 213.266 -477
559 213.269 -408
560 213.273 -405
561 213.276 -360
562 213.280 -337
563 213.284 -306
564 213.287 -297
565 213.291 -240
566 213.294 -320
567 213.298 -387
568 213.301 -291
569 213.305 -341
570 213.309 -484
571 213.312 -516
572 213.316 -510
573 213.319 -490
574 213.323 -487
575 213.327 -562
576 213.330 -587
577 213.334 -608
578 213.337 -521
579 213.341 -347
580 213.345 -411
581 213.348 -459
582 213.352 -406
583 213.355 -349
584 213.359 -400
585 213.362 -374
586 213.366 -470
587 213.370 -546
588 213.373 -463
589 213.377 -502
590 213.380 -488
591 213.384 -511
592 213.388 -493
593 213.391 -480
594 213.395 -500
595 213.398 -518
596 213.402 -493
597 213.406 -437
598 213.409 -429
599 213.413 -410
600 213.416 -429
601 213.420 -272
602 213.423 -316
603 213.427 -393
604 213.431 -543
605 213.434 -523
606 213.438 -472
607 213.441 -418
608 213.445 -292
609 213.449 -364
610 213.452 -584
611 213.456 -534
612 213.459 -355
613 213.463 -406
614 213.467 -475
615 213.470 -473
616 213.474 -388
617 213.477 -439
618 213.481 -512
619 213.485 -504
620 213.488 -480
621 213.492 -485
622 213.495 -390
623 213.499 -406
624 213.503 -424
625 213.506 -485
626 213.510 -538
627 213.513 -458
628 213.517 -459
629 213.521 -493
630 213.524 -636
631 213.528 -609
632 213.531 -566
633 213.535 -521
634 213.539 -508
635 213.542 -464
636 213.546 -468
637 213.549 -455
638 213.553 -449
639 213.557 -368
640 213.560 -407
641 213.564 -509
642 213.567 -493
643 213.571 -448
644 213.575 -424
645 213.578 -406
646 213.582 -397
647 213.585 -324
648 213.589 -441
649 213.593 -321
650 213.596 -489
651 213.600 -467
652 213.603 -489
653 213.607 -462
654 213.611 -619
655 213.614 -605
656 213.618 -505
657 213.621 -549
658 213.625 -561
659 213.629 -557
660 213.632 -549
661 213.636 -637
662 213.639 -614
663 213.643 -400
664 213.647 -338
665 213.650 -361
666 213.654 -441
667 213.657 -503
668 213.661 -476
669 213.665 -546
670 213.668 -598
671 213.672 -578
672 213.676 -450
673 213.679 -353
674 213.683 -311
675 213.686 -337
676 213.690 -376
677 213.694 -545
678 213.697 -588
679 213.701 -505
680 213.704 -484
681 213.708 -543
682 213.712 -523
683 213.715 -523
684 213.719 -553
685 213.722 -561
686 213.726 -464
687 213.730 -459
688 213.733 -477
689 213.737 -499
690 213.740 -530
691 213.744 -570
692 213.748 -541
693 213.751 -470
694 213.755 -522
695 213.759 -500
696 213.762 -433
697 213.766 -470
698 213.769 -598
699 213.773 -439
700 213.777 -446
701 213.780 -511
702 213.784 -472
703 213.787 -536
704 213.791 -480
705 213.795 -545
706 213.798 -585
707 213.802 -639
708 213.806 -567
709 213.809 -468
710 213.813 -421
711 213.816 -463
712 213.820 -524
713 213.824 -577
714 213.827 -619
715 213.831 -529
716 213.834 -505
717 213.838 -489
718 213.842 -548
719 213.845 -616
720 213.849 -611
721 213.853 -580
722 213.856 -561
723 213.860 -459
724 213.863 -505
725 213.867 -528
726 213.871 -504
727 213.874 -474
728 213.878 -486
729 213.882 -476
730 213.885 -481
731 213.889 -434
732 213.892 -527
733 213.896 -561
734 213.900 -496
735 213.903 -450
736 213.907 -403
737 213.910 -513
738 213.914 -488
739 213.918 -429
740 213.921 -418
741 213.925 -405
742 213.929 -315
743 213.932 -350
744 213.936 -441
745 213.939 -630
746 213.943 -572
747 213.947 -546
748 213.950 -562
749 213.954 -579
750 213.958 -565
751 213.961 -632
752 213.965 -524
753 213.968 -361
754 213.972 -359
755 213.976 -353
756 213.979 -379
757 213.983 -453
758 213.987 -468
759 213.990 -567
760 213.994 -613
761 213.997 -649
762 214.001 -580
763 214.005 -626
764 214.008 -549
765 214.012 -498
766 214.016 -482
767 214.019 -520
768 214.023 -549
769 214.027 -527
770 214.030 -513
771 214.034 -500
772 214.037 -482
773 214.041 -444
774 214.045 -464
775 214.048 -506
776 214.052 -619
777 214.056 -580
778 214.059 -467
779 214.063 -443
780 214.066 -463
781 214.070 -500
782 214.074 -501
783 214.077 -493
784 214.081 -486
785 214.085 -495
786 214.088 -555
787 214.092 -541
788 214.095 -503
789 214.099 -85
790 214.103 425
791 214.106 -275
792 214.110 -507
793 214.114 -579
794 214.117 -537
795 214.121 -580
796 214.125 -682
797 214.128 -605
798 214.132 -553
799 214.135 -492
800 214.139 -471
801 214.143 -440
802 214.146 -430
803 214.150 -489
804 214.154 -529
805 214.157 -502
806 214.161 -493
807 214.165 -503
808 214.168 -482
809 214.172 -326
810 214.175 -378
811 214.179 -490
812 214.183 -469
813 214.186 -494
814 214.190 -544
815 214.194 -469
816 214.197 -468
817 214.201 -478
818 214.205 -489
819 214.208 -387
820 214.212 -430
821 214.216 -522
822 214.219 -662
823 214.223 -562
824 214.226 -551
825 214.230 -519
826 214.234 -440
827 214.237 -439
828 214.241 -395
829 214.245 -297
830 214.248 -280
831 214.252 -366
832 214.256 -447
833 214.259 -419
834 214.263 -258
835 214.266 -325
836 214.270 -495
837 214.274 -502
838 214.277 -517
839 214.281 -562
840 214.285 -509
841 214.288 -546
842 214.292 -554
843 214.296 -504
844 214.299 -526
845 214.303 -547
846 214.307 -496
847 214.310 -439
848 214.314 -494
849 214.318 -501
850 214.321 -504
851 214.325 -540
852 214.328 -503
853 214.332 -508
854 214.336 -510
855 214.339 -471
856 214.343 -455
857 214.347 -480
858 214.350 -525
859 214.354 -488
860 214.358 -416
861 214.361 -365
862 214.365 -397
863 214.369 -357
864 214.372 -391
865 214.376 -493
866 214.380 -503
867 214.383 -501
868 214.387 -482
869 214.390 -467
870 214.394 -511
871 214.398 -580
872 214.401 -690
873 214.405 -601
874 214.409 -484
875 214.412 -425
876 214.416 -281
877 214.420 -378
878 214.423 -491
879 214.427 -545
880 214.431 -463
881 214.434 -422
882 214.438 -448
883 214.442 -495
884 214.445 -455
885 214.449 -506
886 214.453 -467
887 214.456 -481
888 214.460 -464
889 214.464 -441
890 214.467 -464
891 214.471 -490
892 214.475 -456
893 214.478 -463
894 214.482 -512
895 214.485 -558
896 214.489 -571
897 214.493 -536
898 214.496 -439
899 214.500 -368
900 214.504 -453
901 214.507 -530
902 214.511 -465
903 214.515 -491
904 214.518 -605
905 214.522 -559
906 214.526 -510
907 214.529 -516
908 214.533 -520
909 214.537 -557
910 214.540 -512
911 214.544 -519
912 214.548 -540
913 214.551 -589
914 214.555 -440
915 214.559 -341
916 214.562 -373
917 214.566 -510
918 214.570 -458
919 214.573 -465
920 214.577 -515
921 214.581 -483
922 214.584 -580
923 214.588 -535
924 214.592 -541
925 214.595 -471
926 214.599 -423
927 214.603 -503
928 214.606 -589
929 214.610 -492
930 214.614 -454
931 214.617 -435
932 214.621 -446
933 214.625 -415
934 214.628 -375
935 214.632 -423
936 214.636 -424
937 214.639 -428
938 214.643 -441
939 214.647 -475
940 214.650 -544
941 214.654 -420
942 214.658 -490
943 214.661 -487
944 214.665 -432
945 214.669 -438
946 214.672 -429
947 214.676 -360
948 214.680 -394
949 214.683 -615
950 214.687 -558
951 214.691 -593
952 214.694 -599
953 214.698 -554
954 214.702 -481
955 214.705 -461
956 214.709 -494
957 214.713 -430
958 214.716 -459
959 214.720 -524
960 214.724 -525
961 214.727 -406
962 214.731 -385
963 214.735 -440
964 214.738 -488
965 214.742 -466
966 214.746 -477
967 214.749 -469
968 214.753 -489
969 214.757 -340
970 214.760 -359
971 214.764 -471
972 214.768 -397
973 214.771 -360
974 214.775 -305
975 214.779 -303
976 214.782 -349
977 214.786 -382
978 214.790 -349
979 214.793 -408
980 214.797 -435
981 214.801 -358
982 214.804 -287
983 214.808 -341
984 214.812 -363
985 214.816 -449
986 214.819 -473
987 214.823 -494
988 214.827 -471
989 214.830 -403
990 214.834 -388
991 214.838 -359
992 214.841 -404
993 214.845 -436
994 214.849 -404
995 214.852 -429
996 214.856 -495
997 214.860 -495
998 214.863 -496
999 214.867 -490
1000 214.871 -457
1001 214.874 -494
1002 214.878 -427
1003 214.882 -443
1004 214.885 -463
1005 214.889 -485
1006 214.893 -491
1007 214.896 -530
1008 214.900 -513
1009 214.904 -528
1010 214.907 -473
1011 214.911 -464
1012 214.915 -413
1013 214.919 -315
1014 214.922 -481
1015 214.926 -433
1016 214.930 -345
1017 214.933 -284
1018 214.937 -321
1019 214.941 -354
1020 214.944 -421
1021 214.948 -349
1022 214.952 -371
1023 214.955 -313
1024 214.959 -384
1025 214.963 -427
1026 214.966 -354
1027 214.970 -217
1028 214.974 -213
1029 214.978 -286
1030 214.981 -340
1031 214.985 -296
1032 214.989 -354
1033 214.992 -405
1034 214.996 -449
1035 215.000 -542
1036 215.003 -508
1037 215.007 -391
1038 215.011 -293
1039 215.014 -264
1040 215.018 -239
1041 215.022 -302
1042 215.025 -325
1043 215.029 -315
1044 215.033 -267
1045 215.037 -253
1046 215.040 -333
1047 215.044 -214
1048 215.048 -125
1049 215.051 -28
1050 215.055 31
1051 215.059 269
1052 215.062 635
1053 215.066 901
1054 215.070 1266
1055 215.073 1838
1056 215.077 2407
1057 215.081 2956
1058 215.085 3416
1059 215.088 3799
1060 215.092 4013
1061 215.096 4157
1062 215.099 4317
1063 215.103 4328
1064 215.107 4480
1065 215.110 4924
1066 215.114 5834
1067 215.118 7532
1068 215.121 10192
1069 215.125 13986
1070 215.129 18660
1071 215.133 23843
1072 215.136 28720
1073 215.140 32139
1074 215.144 33648
1075 215.147 33440
1076 215.151 31895
1077 215.155 29605
1078 215.158 26953
1079 215.162 24469
1080 215.166 22157
1081 215.170 20416
1082 215.173 19972
1083 215.177 21103
1084 215.181 24264
1085 215.184 29479
1086 215.188 36467
1087 215.192 44484
1088 215.195 51929
1089 215.199 57438
1090 215.203 59667
1091 215.207 58545
1092 215.210 54748
1093 215.214 49284
1094 215.218 42965
1095 215.221 36610
1096 215.225 30673
1097 215.229 25539
1098 215.232 21433
1099 215.236 18040
1100 215.240 15238
1101 215.244 13081
1102 215.247 11257
1103 215.251 9833
1104 215.255 8741
1105 215.258 7852
1106 215.262 7123
1107 215.266 6684
1108 215.269 6229
1109 215.273 5780
1110 215.277 5501
1111 215.281 5298
1112 215.284 5026
1113 215.288 4781
1114 215.292 4629
1115 215.295 4388
1116 215.299 4220
1117 215.303 4011
1118 215.307 3933
1119 215.310 3957
1120 215.314 3886
1121 215.318 3808
1122 215.321 3826
1123 215.325 3817
1124 215.329 3707
1125 215.333 3585
1126 215.336 3557
1127 215.340 3665
1128 215.344 3824
1129 215.347 3986
1130 215.351 3860
1131 215.355 3915
1132 215.358 3964
1133 215.362 3982
1134 215.366 3935
1135 215.370 4029
1136 215.373 4178
1137 215.377 4407
1138 215.381 4586
1139 215.384 4685
1140 215.388 4836
1141 215.392 5074
1142 215.396 5254
1143 215.399 5442
1144 215.403 5873
1145 215.407 6150
1146 215.410 6517
1147 215.414 7107
1148 215.418 7503
1149 215.422 7842
1150 215.425 8147
1151 215.429 8635
1152 215.433 9449
1153 215.436 10627
1154 215.440 12210
1155 215.444 14422
1156 215.448 17494
1157 215.451 21660
1158 215.455 27162
1159 215.459 34777
1160 215.462 45008
1161 215.466 58212
1162 215.470 73713
1163 215.474 90564
1164 215.477 106583
1165 215.481 119846
1166 215.485 128485
1167 215.488 131942
1168 215.492 129963
1169 215.496 123528
1170 215.500 113899
1171 215.503 102806
1172 215.507 91581
1173 215.511 81437
1174 215.515 73174
1175 215.518 67407
1176 215.522 64342
1177 215.526 64576
1178 215.529 68503
1179 215.533 76751
1180 215.537 89371
1181 215.541 106247
1182 215.544 125803
1183 215.548 145162
1184 215.552 160495
1185 215.555 169516
1186 215.559 171390
1187 215.563 168525
1188 215.567 162511
1189 215.570 154375
1190 215.574 143225
1191 215.578 129803
1192 215.582 115205
1193 215.585 101263
1194 215.589 89006
1195 215.593 79490
1196 215.596 72922
1197 215.600 69549
1198 215.604 69681
1199 215.608 73807
1200 215.611 82118
1201 215.615 94368
1202 215.619 109681
1203 215.623 126486
1204 215.626 142340
1205 215.630 155206
1206 215.634 162862
1207 215.637 164620
1208 215.641 159768
1209 215.645 149535
1210 215.649 135637
1211 215.652 120330
1212 215.656 104741
1213 215.660 90290
1214 215.664 77399
1215 215.667 66065
1216 215.671 55870
1217 215.675 47188
1218 215.678 39786
1219 215.682 33914
1220 215.686 29196
1221 215.690 25492
1222 215.693 22580
1223 215.697 20406
1224 215.701 18390
1225 215.705 16754
1226 215.708 15598
1227 215.712 14452
1228 215.716 13393
1229 215.720 12468
1230 215.723 11712
1231 215.727 11179
1232 215.731 10673
1233 215.734 10210
1234 215.738 9666
1235 215.742 9389
1236 215.746 9144
1237 215.749 8864
1238 215.753 8500
1239 215.757 8222
1240 215.761 8093
1241 215.764 7878
1242 215.768 7698
1243 215.772 7497
1244 215.776 7304
1245 215.779 7239
1246 215.783 7173
1247 215.787 7185
1248 215.790 7098
1249 215.794 7012
1250 215.798 6986
1251 215.802 6963
1252 215.805 7000
1253 215.809 6938
1254 215.813 6929
1255 215.817 6991
1256 215.820 7201
1257 215.824 7255
1258 215.828 7298
1259 215.832 7433
1260 215.835 7522
1261 215.839 7604
1262 215.843 7753
1263 215.847 7968
1264 215.850 8122
1265 215.854 8356
1266 215.858 8655
1267 215.862 8896
1268 215.865 9095
1269 215.869 9360
1270 215.873 9658
1271 215.877 10015
1272 215.880 10589
1273 215.884 11167
1274 215.888 11768
1275 215.891 12412
1276 215.895 13019
1277 215.899 13696
1278 215.903 14651
1279 215.906 15683
1280 215.910 16891
1281 215.914 18386
1282 215.918 20125
1283 215.921 22370
1284 215.925 25068
1285 215.929 28353
1286 215.933 32389
1287 215.936 37746
1288 215.940 44751
1289 215.944 53822
1290 215.948 65724
1291 215.951 80887
1292 215.955 99508
1293 215.959 120931
1294 215.963 143869
1295 215.966 166678
1296 215.970 186624
1297 215.974 202058
1298 215.978 210858
1299 215.981 213171
1300 215.985 208718
1301 215.989 199184
1302 215.993 185790
1303 215.996 170784
1304 216.000 154996
1305 216.004 139725
1306 216.008 125523
1307 216.011 113523
1308 216.015 103804
1309 216.019 96937
1310 216.023 92422
1311 216.026 91021
1312 216.030 92900
1313 216.034 98434
1314 216.038 107911
1315 216.041 121545
1316 216.045 138995
1317 216.049 159826
1318 216.053 182169
1319 216.056 204424
1320 216.060 223981
1321 216.064 239519
1322 216.068 248682
1323 216.071 251882
1324 216.075 248441
1325 216.079 239454
1326 216.083 226100
1327 216.087 210017
1328 216.090 192387
1329 216.094 174681
1330 216.098 157423
1331 216.102 141965
1332 216.105 128009
1333 216.109 116746
1334 216.113 107755
1335 216.117 101402
1336 216.120 97500
1337 216.124 96890
1338 216.128 99389
1339 216.132 105456
1340 216.135 115289
1341 216.139 128722
1342 216.143 144853
1343 216.147 163154
1344 216.150 181735
1345 216.154 199030
1346 216.158 212924
1347 216.162 222584
1348 216.165 226201
1349 216.169 224079
1350 216.173 216193
1351 216.177 203924
1352 216.180 188775
1353 216.184 172196
1354 216.188 154998
1355 216.192 137956
1356 216.196 121662
1357 216.199 107048
1358 216.203 93679
1359 216.207 81839
1360 216.211 71446
1361 216.214 62627
1362 216.218 55029
1363 216.222 48425
1364 216.226 42824
1365 216.229 38401
1366 216.233 34465
1367 216.237 31230
1368 216.241 28432
1369 216.244 26047
1370 216.248 24013
1371 216.252 22179
1372 216.256 20631
1373 216.260 19365
1374 216.263 18197
1375 216.267 17280
1376 216.271 16357
1377 216.275 15561
1378 216.278 14905
1379 216.282 14178
1380 216.286 13457
1381 216.290 12938
1382 216.293 12511
1383 216.297 12123
1384 216.301 11694
1385 216.305 11383
1386 216.309 11180
1387 216.312 10921
1388 216.316 10681
1389 216.320 10374
1390 216.324 10153
1391 216.327 10024
1392 216.331 9950
1393 216.335 9805
1394 216.339 9546
1395 216.343 9463
1396 216.346 9468
1397 216.350 9265
1398 216.354 9048
1399 216.358 9013
1400 216.361 9091
1401 216.365 9076
1402 216.369 9002
1403 216.373 8964
1404 216.376 8806
1405 216.380 8689
1406 216.384 8725
1407 216.388 8799
1408 216.392 8819
1409 216.395 8797
1410 216.399 8798
1411 216.403 8724
1412 216.407 8743
1413 216.410 8779
1414 216.414 8861
1415 216.418 9012
1416 216.422 9121
1417 216.426 9286
1418 216.429 9296
1419 216.433 9311
1420 216.437 9510
1421 216.441 9738
1422 216.444 9851
1423 216.448 10006
1424 216.452 10217
1425 216.456 10425
1426 216.460 10625
1427 216.463 10911
1428 216.467 11072
1429 216.471 11363
1430 216.475 11840
1431 216.478 12158
1432 216.482 12391
1433 216.486 12717
1434 216.490 13103
1435 216.494 13458
1436 216.497 14039
1437 216.501 14484
1438 216.505 15068
1439 216.509 15764
1440 216.513 16294
1441 216.516 17083
1442 216.520 17943
1443 216.524 18866
1444 216.528 19903
1445 216.531 21186
1446 216.535 22608
1447 216.539 24258
1448 216.543 25957
1449 216.547 27920
1450 216.550 30232
1451 216.554 33031
1452 216.558 36268
1453 216.562 40231
1454 216.566 44997
1455 216.569 50541
1456 216.573 57381
1457 216.577 65731
1458 216.581 75455
1459 216.584 87322
1460 216.588 100904
1461 216.592 116644
1462 216.596 133827
1463 216.600 152504
1464 216.603 171899
1465 216.607 191482
1466 216.611 209989
1467 216.615 226563
1468 216.619 239867
1469 216.622 249686
1470 216.626 254861
1471 216.630 255826
1472 216.634 252328
1473 216.638 245105
1474 216.641 234102
1475 216.645 220675
1476 216.649 205715
1477 216.653 190252
1478 216.656 174720
1479 216.660 159903
1480 216.664 146266
1481 216.668 134171
1482 216.672 123963
1483 216.675 115838
1484 216.679 109599
1485 216.683 105386
1486 216.687 102813
1487 216.691 102511
1488 216.694 104059
1489 216.698 107815
1490 216.702 113588
1491 216.706 121791
1492 216.710 132396
1493 216.713 145700
1494 216.717 161295
1495 216.721 179409
1496 216.725 199422
1497 216.729 221135
1498 216.732 243645
1499 216.736 266204
1500 216.740 288256
1501 216.744 309164
1502 216.748 325211
1503 216.751 338502
1504 216.755 347540
1505 216.759 352271
1506 216.763 351454
1507 216.767 346249
1508 216.770 336146
1509 216.774 322252
1510 216.778 304507
1511 216.782 284692
1512 216.786 263959
1513 216.789 242737
1514 216.793 221600
1515 216.797 201843
1516 216.801 183447
1517 216.805 166992
1518 216.808 152340
1519 216.812 140014
1520 216.816 129702
1521 216.820 121694
1522 216.824 115593
1523 216.827 111403
1524 216.831 108909
1525 216.835 108322
1526 216.839 109512
1527 216.843 112568
1528 216.846 117570
1529 216.850 124486
1530 216.854 133148
1531 216.858 143869
1532 216.862 156148
1533 216.865 170128
1534 216.869 185279
1535 216.873 201306
1536 216.877 217200
1537 216.881 233064
1538 216.885 247443
1539 216.888 260343
1540 216.892 270820
1541 216.896 278427
1542 216.900 282590
1543 216.904 283487
1544 216.907 280954
1545 216.911 274958
1546 216.915 265263
1547 216.919 253291
1548 216.923 238784
1549 216.926 223306
1550 216.930 207348
1551 216.934 191056
1552 216.938 174058
1553 216.942 157298
1554 216.945 141690
1555 216.949 127455
1556 216.953 114495
1557 216.957 103582
1558 216.961 93698
1559 216.965 84666
1560 216.968 76418
1561 216.972 69298
1562 216.976 63002
1563 216.980 57528
1564 216.984 52485
1565 216.987 48202
1566 216.991 44250
1567 216.995 40922
1568 216.999 38164
1569 217.003 35754
1570 217.006 33503
1571 217.010 31635
1572 217.014 30043
1573 217.018 28614
1574 217.022 27325
1575 217.026 26123
1576 217.029 25034
1577 217.033 24149
1578 217.037 23298
1579 217.041 22476
1580 217.045 21700
1581 217.048 20954
1582 217.052 20237
1583 217.056 19503
1584 217.060 18971
1585 217.064 18422
1586 217.068 17964
1587 217.071 17509
1588 217.075 16992
1589 217.079 16552
1590 217.083 16050
1591 217.087 15650
1592 217.090 15280
1593 217.094 14903
1594 217.098 14691
1595 217.102 14334
1596 217.106 13953
1597 217.110 13609
1598 217.113 13418
1599 217.117 13258
1600 217.121 13042
1601 217.125 12869
1602 217.129 12673
1603 217.133 12496
1604 217.136 12391
1605 217.140 12218
1606 217.144 12049
1607 217.148 11882
1608 217.152 11790
1609 217.155 11618
1610 217.159 11427
1611 217.163 11302
1612 217.167 11140
1613 217.171 10996
1614 217.175 10876
1615 217.178 10917
1616 217.182 10871
1617 217.186 10792
1618 217.190 10709
1619 217.194 10607
1620 217.198 10484
1621 217.201 10323
1622 217.205 10208
1623 217.209 10132
1624 217.213 10223
1625 217.217 10151
1626 217.221 10087
1627 217.224 10043
1628 217.228 10034
1629 217.232 10048
1630 217.236 9969
1631 217.240 9937
1632 217.244 9890
1633 217.247 9854
1634 217.251 9885
1635 217.255 9846
1636 217.259 9836
1637 217.263 9693
1638 217.267 9709
1639 217.270 9756
1640 217.274 9727
1641 217.278 9676
1642 217.282 9618
1643 217.286 9603
1644 217.290 9667
1645 217.293 9656
1646 217.297 9677
1647 217.301 9617
1648 217.305 9545
1649 217.309 9603
1650 217.313 9698
1651 217.316 9632
1652 217.320 9566
1653 217.324 9646
1654 217.328 9721
1655 217.332 9748
1656 217.336 9840
1657 217.339 9825
1658 217.343 9989
1659 217.347 10048
1660 217.351 10172
1661 217.355 10209
1662 217.359 10189
1663 217.362 10242
1664 217.366 10303
1665 217.370 10359
1666 217.374 10383
1667 217.378 10384
1668 217.382 10482
1669 217.385 10467
1670 217.389 10549
1671 217.393 10679
1672 217.397 10778
1673 217.401 10891
1674 217.405 10985
1675 217.409 11133
1676 217.412 11288
1677 217.416 11444
1678 217.420 11495
1679 217.424 11667
1680 217.428 11784
1681 217.432 11933
1682 217.435 12025
1683 217.439 12115
1684 217.443 12155
1685 217.447 12293
1686 217.451 12258
1687 217.455 12124
1688 217.458 12132
1689 217.462 12104
1690 217.466 12140
1691 217.470 12399
1692 217.474 12494
1693 217.478 12675
1694 217.482 13039
1695 217.485 13495
1696 217.489 13890
1697 217.493 14200
1698 217.497 14428
1699 217.501 14627
1700 217.505 14866
1701 217.508 15054
1702 217.512 15332
1703 217.516 15667
1704 217.520 15918
1705 217.524 16205
1706 217.528 16510
1707 217.532 16854
1708 217.535 17087
1709 217.539 17220
1710 217.543 17440
1711 217.547 17799
1712 217.551 18306
1713 217.555 18714
1714 217.559 19046
1715 217.562 19455
1716 217.566 19907
1717 217.570 20352
1718 217.574 20895
1719 217.578 21394
1720 217.582 21725
1721 217.586 22369
1722 217.589 23023
1723 217.593 23612
1724 217.597 24262
1725 217.601 24908
1726 217.605 25540
1727 217.609 26298
1728 217.612 27103
1729 217.616 27817
1730 217.620 28571
1731 217.624 29445
1732 217.628 30363
1733 217.632 31319
1734 217.636 32255
1735 217.639 33415
1736 217.643 34627
1737 217.647 35828
1738 217.651 37012
1739 217.655 38295
1740 217.659 39730
1741 217.663 41270
1742 217.666 42755
1743 217.670 44374
1744 217.674 46155
1745 217.678 48145
1746 217.682 50185
1747 217.686 52308
1748 217.690 54367
1749 217.693 56710
1750 217.697 59223
1751 217.701 62037
1752 217.705 64785
1753 217.709 67610
1754 217.713 70834
1755 217.717 74183
1756 217.721 77554
1757 217.724 81185
1758 217.728 84953
1759 217.732 88813
1760 217.736 92838
1761 217.740 97134
1762 217.744 101608
1763 217.748 106242
1764 217.751 110876
1765 217.755 115779
1766 217.759 120576
1767 217.763 125554
1768 217.767 130671
1769 217.771 135981
1770 217.775 141172
1771 217.778 146456
1772 217.782 151748
1773 217.786 157467
1774 217.790 163003
1775 217.794 168545
1776 217.798 173925
1777 217.802 179337
1778 217.806 184684
1779 217.809 190173
1780 217.813 195412
1781 217.817 200621
1782 217.821 205594
1783 217.825 210861
1784 217.829 215756
1785 217.833 220652
1786 217.837 225173
1787 217.840 229684
1788 217.844 234158
1789 217.848 238562
1790 217.852 242525
1791 217.856 246676
1792 217.860 250780
1793 217.864 254650
1794 217.867 258360
1795 217.871 262012
1796 217.875 265278
1797 217.879 268605
1798 217.883 271381
1799 217.887 274209
1800 217.891 276721
1801 217.895 279029
1802 217.898 280920
1803 217.902 282972
1804 217.906 284169
1805 217.910 285451
1806 217.914 286180
1807 217.918 286887
1808 217.922 287164
1809 217.926 287436
1810 217.929 287169
1811 217.933 286903
1812 217.937 286348
1813 217.941 285837
1814 217.945 284924
1815 217.949 284437
1816 217.953 283415
1817 217.957 282317
1818 217.960 281001
1819 217.964 279433
1820 217.968 277340
1821 217.972 275336
1822 217.976 273017
1823 217.980 270745
1824 217.984 268064
1825 217.988 265328
1826 217.992 262721
1827 217.995 260113
1828 217.999 257196
1829 218.003 254553
1830 218.007 251712
1831 218.011 248886
1832 218.015 245913
1833 218.019 243077
1834 218.023 239675
1835 218.026 236527
1836 218.030 233513
1837 218.034 230758
1838 218.038 227920
1839 218.042 225039
1840 218.046 221901
1841 218.050 218921
1842 218.054 215600
1843 218.058 212180
1844 218.061 208901
1845 218.065 205640
1846 218.069 202511
1847 218.073 199490
1848 218.077 196366
1849 218.081 193394
1850 218.085 190584
1851 218.089 187938
1852 218.093 185273
1853 218.096 183051
1854 218.100 180659
1855 218.104 178409
1856 218.108 175846
1857 218.112 173491
1858 218.116 171259
1859 218.120 169299
1860 218.124 167388
1861 218.127 165268
1862 218.131 162851
1863 218.135 160506
1864 218.139 158365
1865 218.143 156410
1866 218.147 154456
1867 218.151 152644
1868 218.155 150902
1869 218.159 149485
1870 218.163 147813
1871 218.166 145974
1872 218.170 144223
1873 218.174 142682
1874 218.178 140938
1875 218.182 139501
1876 218.186 138026
1877 218.190 136746
1878 218.194 135501
1879 218.198 134346
1880 218.201 133329
1881 218.205 132482
1882 218.209 131211
1883 218.213 129805
1884 218.217 128440
1885 218.221 127283
1886 218.225 126005
1887 218.229 124941
1888 218.233 123917
1889 218.237 122921
1890 218.240 121899
1891 218.244 121153
1892 218.248 120886
1893 218.252 120743
1894 218.256 120444
1895 218.260 120018
1896 218.264 119591
1897 218.268 119007
1898 218.272 118563
1899 218.275 118228
1900 218.279 117695
1901 218.283 117398
1902 218.287 117256
1903 218.291 117175
1904 218.295 117001
1905 218.299 116840
1906 218.303 116712
1907 218.307 116765
1908 218.311 116763
1909 218.314 116795
1910 218.318 116803
1911 218.322 116723
1912 218.326 116680
1913 218.330 116822
1914 218.334 116817
1915 218.338 116978
1916 218.342 117076
1917 218.346 117489
1918 218.350 117850
1919 218.354 118060
1920 218.357 118264
1921 218.361 118738
1922 218.365 119158
1923 218.369 119469
1924 218.373 119880
1925 218.377 120455
1926 218.381 120875
1927 218.385 121287
1928 218.389 121685
1929 218.393 122175
1930 218.396 122383
1931 218.400 122817
1932 218.404 123370
1933 218.408 123966
1934 218.412 124373
1935 218.416 124740
1936 218.420 125258
1937 218.424 125943
1938 218.428 126557
1939 218.432 127329
1940 218.436 128252
1941 218.439 129120
1942 218.443 130021
1943 218.447 130913
1944 218.451 131872
1945 218.455 132843
1946 218.459 133890
1947 218.463 135169
1948 218.467 136161
1949 218.471 137152
1950 218.475 138220
1951 218.479 139533
1952 218.483 140659
1953 218.486 141725
1954 218.490 142731
1955 218.494 143768
1956 218.498 145037
1957 218.502 146275
1958 218.506 147520
1959 218.510 149013
1960 218.514 150259
1961 218.518 151699
1962 218.522 153595
1963 218.526 155393
1964 218.529 157263
1965 218.533 159444
1966 218.537 161535
1967 218.541 163777
1968 218.545 165961
1969 218.549 168319
1970 218.553 170727
1971 218.557 173458
1972 218.561 176011
1973 218.565 178676
1974 218.569 181364
1975 218.573 183989
1976 218.576 186741
1977 218.580 189715
1978 218.584 192565
1979 218.588 195239
1980 218.592 197863
1981 218.596 200698
1982 218.600 203510
1983 218.604 206716
1984 218.608 210267
1985 218.612 214411
1986 218.616 218529
1987 218.620 222859
1988 218.624 226757
1989 218.627 230350
1990 218.631 233844
1991 218.635 237754
1992 218.639 241688
1993 218.643 245506
1994 218.647 249249
1995 218.651 253447
1996 218.655 257297
1997 218.659 261161
1998 218.663 264602
1999 218.667 268083
2000 218.671 271351
2001 218.675 274900
2002 218.678 278126
2003 218.682 281283
2004 218.686 284070
2005 218.690 287161
2006 218.694 289780
2007 218.698 292381
2008 218.702 294846
2009 218.706 296974
2010 218.710 298623
2011 218.714 300439
2012 218.718 301629
2013 218.722 302756
2014 218.726 303449
2015 218.730 303943
2016 218.733 303564
2017 218.737 302881
2018 218.741 301500
2019 218.745 300419
2020 218.749 298771
2021 218.753 296545
2022 218.757 293542
2023 218.761 290567
2024 218.765 286831
2025 218.769 282752
2026 218.773 278192
2027 218.777 273415
2028 218.781 268120
2029 218.785 263024
2030 218.789 257429
2031 218.792 251639
2032 218.796 245902
2033 218.800 240080
2034 218.804 233844
2035 218.808 227459
2036 218.812 220514
2037 218.816 213716
2038 218.820 206598
2039 218.824 199549
2040 218.828 192406
2041 218.832 185474
2042 218.836 178439
2043 218.840 171552
2044 218.844 164599
2045 218.848 157931
2046 218.851 151390
2047 218.855 145113
2048 218.859 138912
2049 218.863 132871
2050 218.867 126818
2051 218.871 121036
2052 218.875 115478
2053 218.879 110281
2054 218.883 105055
2055 218.887 100177
2056 218.891 95277
2057 218.895 90715
2058 218.899 86293
2059 218.903 82096
2060 218.907 78364
2061 218.911 74747
2062 218.915 71024
2063 218.918 67824
2064 218.922 64752
2065 218.926 61904
2066 218.930 59137
2067 218.934 56604
2068 218.938 54100
2069 218.942 51692
2070 218.946 49469
2071 218.950 47398
2072 218.954 45361
2073 218.958 43472
2074 218.962 41796
2075 218.966 40091
2076 218.970 38543
2077 218.974 37411
2078 218.978 36315
2079 218.982 35260
2080 218.986 34307
2081 218.989 33244
2082 218.993 32088
2083 218.997 31005
2084 219.001 29892
2085 219.005 28906
2086 219.009 28012
2087 219.013 27320
2088 219.017 26630
2089 219.021 25763
2090 219.025 25115
2091 219.029 24528
2092 219.033 23920
2093 219.037 23398
2094 219.041 22781
2095 219.045 22255
2096 219.049 21814
2097 219.053 21322
2098 219.057 20760
2099 219.061 20219
2100 219.065 19741
2101 219.068 19270
2102 219.072 18799
2103 219.076 18377
2104 219.080 18053
2105 219.084 17872
2106 219.088 17489
2107 219.092 17096
2108 219.096 16744
2109 219.100 16440
2110 219.104 16085
2111 219.108 15709
2112 219.112 15489
2113 219.116 15164
2114 219.120 14854
2115 219.124 14622
2116 219.128 14360
2117 219.132 14045
2118 219.136 13776
2119 219.140 13545
2120 219.144 13411
2121 219.148 13273
2122 219.152 13024
2123 219.155 12758
2124 219.159 12559
2125 219.163 12367
2126 219.167 12214
2127 219.171 12140
2128 219.175 12014
2129 219.179 11770
2130 219.183 11550
2131 219.187 11447
2132 219.191 11220
2133 219.195 11020
2134 219.199 10921
2135 219.203 10982
2136 219.207 10805
2137 219.211 10605
2138 219.215 10380
2139 219.219 10154
2140 219.223 10092
2141 219.227 9983
2142 219.231 9863
2143 219.235 9809
2144 219.239 9555
2145 219.243 9418
2146 219.247 9488
2147 219.251 9516
2148 219.255 9411
2149 219.259 9347
2150 219.262 9196
2151 219.266 8966
2152 219.270 8849
2153 219.274 8863
2154 219.278 8825
2155 219.282 8790
2156 219.286 8687
2157 219.290 8561
2158 219.294 8592
2159 219.298 8515
2160 219.302 8413
2161 219.306 8362
2162 219.310 8296
2163 219.314 8281
2164 219.318 8297
2165 219.322 8271
2166 219.326 8156
2167 219.330 7986
2168 219.334 8013
2169 219.338 8015
2170 219.342 7995
2171 219.346 8047
2172 219.350 8038
2173 219.354 7984
2174 219.358 8018
2175 219.362 7983
2176 219.366 7821
2177 219.370 7822
2178 219.374 7789
2179 219.378 7773
2180 219.382 7690
2181 219.386 7583
2182 219.390 7526
2183 219.393 7552
2184 219.397 7667
2185 219.401 7636
2186 219.405 7654
2187 219.409 7601
2188 219.413 7625
2189 219.417 7609
2190 219.421 7636
2191 219.425 7575
2192 219.429 7622
2193 219.433 7764
2194 219.437 7768
2195 219.441 7845
2196 219.445 7804
2197 219.449 7798
2198 219.453 7882
2199 219.457 7889
2200 219.461 7914
2201 219.465 7958
2202 219.469 7990
2203 219.473 8024
2204 219.477 7995
2205 219.481 7986
2206 219.485 7960
2207 219.489 7833
2208 219.493 7747
2209 219.497 7733
2210 219.501 7863
2211 219.505 7937
2212 219.509 8071
2213 219.513 8334
2214 219.517 8585
2215 219.521 8845
2216 219.525 9006
2217 219.529 9233
2218 219.533 9276
2219 219.537 9411
2220 219.541 9551
2221 219.545 9717
2222 219.549 9830
2223 219.553 9884
2224 219.557 9917
2225 219.561 10154
2226 219.565 10309
2227 219.569 10510
2228 219.573 10821
2229 219.577 11161
2230 219.581 11324
2231 219.585 11514
2232 219.589 11748
2233 219.593 12075
2234 219.597 12275
2235 219.601 12596
2236 219.605 12865
2237 219.609 13206
2238 219.612 13608
2239 219.616 13917
2240 219.620 14238
2241 219.624 14729
2242 219.628 15213
2243 219.632 15583
2244 219.636 16039
2245 219.640 16542
2246 219.644 17053
2247 219.648 17823
2248 219.652 18485
2249 219.656 19301
2250 219.660 20207
2251 219.664 21225
2252 219.668 22389
2253 219.672 23648
2254 219.676 24867
2255 219.680 26188
2256 219.684 27497
2257 219.688 29045
2258 219.692 30767
2259 219.696 32792
2260 219.700 35214
2261 219.704 38002
2262 219.708 41258
2263 219.712 45230
2264 219.716 49969
2265 219.720 55486
2266 219.724 61973
2267 219.728 69420
2268 219.732 77845
2269 219.736 87537
2270 219.740 98588
2271 219.744 111053
2272 219.748 124787
2273 219.752 140016
2274 219.756 156074
2275 219.760 172682
2276 219.764 189113
2277 219.768 204956
2278 219.772 219307
2279 219.776 231562
2280 219.780 240760
2281 219.784 246526
2282 219.788 248153
2283 219.792 246265
2284 219.796 240524
2285 219.800 231724
2286 219.804 219556
2287 219.808 205435
2288 219.812 189859
2289 219.816 173756
2290 219.820 157937
2291 219.824 143342
2292 219.828 129642
2293 219.832 117886
2294 219.836 107665
2295 219.840 99057
2296 219.844 91837
2297 219.848 86131
2298 219.852 81844
2299 219.856 78583
2300 219.860 76605
2301 219.864 76035
2302 219.868 76487
2303 219.872 78340
2304 219.876 81541
2305 219.880 86382
2306 219.884 92923
2307 219.888 101266
2308 219.892 111213
2309 219.896 123116
2310 219.900 136491
2311 219.904 151727
2312 219.908 168548
2313 219.912 186564
2314 219.916 205265
2315 219.920 223969
2316 219.925 241435
2317 219.929 256781
2318 219.933 268705
2319 219.937 276701
2320 219.941 280104
2321 219.945 278892
2322 219.949 272811
2323 219.953 262751
2324 219.957 248466
2325 219.961 231393
2326 219.965 212564
2327 219.969 193203
2328 219.973 173591
2329 219.977 155096
2330 219.981 138048
2331 219.985 122811
2332 219.989 109884
2333 219.993 99337
2334 219.997 90753
2335 220.001 84038
2336 220.005 78812
2337 220.009 75155
2338 220.013 72803
2339 220.017 71869
2340 220.021 72098
2341 220.025 73844
2342 220.029 77145
2343 220.033 81974
2344 220.037 88309
2345 220.041 96743
2346 220.045 106935
2347 220.049 119061
2348 220.053 132570
2349 220.057 147444
2350 220.061 162978
2351 220.065 178198
2352 220.069 191913
2353 220.073 203463
2354 220.077 211345
2355 220.081 215240
2356 220.085 214211
2357 220.089 208754
2358 220.093 198980
2359 220.097 186254
2360 220.101 170421
2361 220.105 153323
2362 220.109 135751
2363 220.113 119092
2364 220.117 103576
2365 220.121 89757
2366 220.125 77638
2367 220.129 67419
2368 220.133 58670
2369 220.137 51394
2370 220.141 45092
2371 220.146 39947
2372 220.150 35696
2373 220.154 32057
2374 220.158 29025
2375 220.162 26568
2376 220.166 24526
2377 220.170 22561
2378 220.174 20837
2379 220.178 19457
2380 220.182 18214
2381 220.186 17204
2382 220.190 16212
2383 220.194 15338
2384 220.198 14515
2385 220.202 13882
2386 220.206 13276
2387 220.210 12544
2388 220.214 11560
2389 220.218 10789
2390 220.222 9942
2391 220.226 9011
2392 220.230 8157
2393 220.234 7750
2394 220.238 7442
2395 220.242 7144
2396 220.246 7169
2397 220.250 7294
2398 220.254 7459
2399 220.258 7744
2400 220.262 7927
2401 220.266 7867
2402 220.270 7840
2403 220.274 7686
2404 220.279 7558
2405 220.283 7448
2406 220.287 7260
2407 220.291 7158
2408 220.295 7104
2409 220.299 7064
2410 220.303 6930
2411 220.307 6906
2412 220.311 6843
2413 220.315 6757
2414 220.319 6720
2415 220.323 6727
2416 220.327 6582
2417 220.331 6523
2418 220.335 6498
2419 220.339 6485
2420 220.343 6439
2421 220.347 6343
2422 220.351 6414
2423 220.355 6475
2424 220.359 6506
2425 220.363 6528
2426 220.367 6519
2427 220.371 6599
2428 220.375 6666
2429 220.379 6711
2430 220.384 6637
2431 220.388 6780
2432 220.392 6920
2433 220.396 6970
2434 220.400 7150
2435 220.404 7200
2436 220.408 7339
2437 220.412 7419
2438 220.416 7578
2439 220.420 7713
2440 220.424 7827
2441 220.428 7899
2442 220.432 8109
2443 220.436 8431
2444 220.440 8640
2445 220.444 8842
2446 220.448 9091
2447 220.452 9370
2448 220.456 9773
2449 220.460 10214
2450 220.464 10639
2451 220.468 11146
2452 220.473 11697
2453 220.477 12273
2454 220.481 12866
2455 220.485 13623
2456 220.489 14402
2457 220.493 15235
2458 220.497 16242
2459 220.501 17548
2460 220.505 19109
2461 220.509 20747
2462 220.513 22820
2463 220.517 25345
2464 220.521 28134
2465 220.525 31623
2466 220.529 35931
2467 220.533 41274
2468 220.537 47649
2469 220.541 55497
2470 220.545 65039
2471 220.550 76630
2472 220.554 90219
2473 220.558 105363
2474 220.562 121346
2475 220.566 137076
2476 220.570 150598
2477 220.574 161073
2478 220.578 167195
2479 220.582 168364
2480 220.586 164110
2481 220.590 155702
2482 220.594 143578
2483 220.598 129293
2484 220.602 114581
2485 220.606 100657
2486 220.610 88012
2487 220.614 77867
2488 220.618 70255
2489 220.623 64967
2490 220.627 61874
2491 220.631 60916
2492 220.635 61697
2493 220.639 64773
2494 220.643 70089
2495 220.647 77638
2496 220.651 87456
2497 220.655 99712
2498 220.659 113886
2499 220.663 129521
2500 220.667 145290
2501 220.671 160274
2502 220.675 172736
2503 220.679 181444
2504 220.683 184480
2505 220.688 181856
2506 220.692 173663
2507 220.696 161401
2508 220.700 145880
2509 220.704 128856
2510 220.708 111808
2511 220.712 96622
2512 220.716 83266
2513 220.720 72656
2514 220.724 64646
2515 220.728 59221
2516 220.732 55851
2517 220.736 54426
2518 220.740 55211
2519 220.744 58095
2520 220.748 62736
2521 220.753 69353
2522 220.757 77793
2523 220.761 88086
2524 220.765 99707
2525 220.769 111322
2526 220.773 121816
2527 220.777 130296
2528 220.781 135012
2529 220.785 135480
2530 220.789 131027
2531 220.793 122545
2532 220.797 110736
2533 220.801 97315
2534 220.805 83160
2535 220.810 69747
2536 220.814 57480
2537 220.818 47264
2538 220.822 38731
2539 220.826 32083
2540 220.830 26875
2541 220.834 22902
2542 220.838 19903
2543 220.842 17539
2544 220.846 15784
2545 220.850 14403
2546 220.854 12947
2547 220.858 11722
2548 220.862 10747
2549 220.867 10044
2550 220.871 9292
2551 220.875 8560
2552 220.879 8020
2553 220.883 7676
2554 220.887 7247
2555 220.891 6877
2556 220.895 6578
2557 220.899 6347
2558 220.903 6108
2559 220.907 5835
2560 220.911 5581
2561 220.916 5291
2562 220.920 5119
2563 220.924 5066
2564 220.928 4875
2565 220.932 4760
2566 220.936 4673
2567 220.940 4513
2568 220.944 4463
2569 220.948 4431
2570 220.952 4352
2571 220.956 4256
2572 220.960 4228
2573 220.964 4141
2574 220.969 4036
2575 220.973 4028
2576 220.977 3908
2577 220.981 3740
2578 220.985 3866
2579 220.989 3987
2580 220.993 4041
2581 220.997 4112
2582 221.001 4200
2583 221.005 4111
2584 221.009 4086
2585 221.013 4101
2586 221.018 4089
2587 221.022 4172
2588 221.026 4315
2589 221.030 4363
2590 221.034 4522
2591 221.038 4736
2592 221.042 4761
2593 221.046 4905
2594 221.050 5077
2595 221.054 5228
2596 221.058 5417
2597 221.063 5682
2598 221.067 5908
2599 221.071 6252
2600 221.075 6599
2601 221.079 6983
2602 221.083 7358
2603 221.087 7972
2604 221.091 8657
2605 221.095 9391
2606 221.099 10264
2607 221.103 11403
2608 221.108 12886
2609 221.112 14538
2610 221.116 16565
2611 221.120 19211
2612 221.124 22545
2613 221.128 26894
2614 221.132 32233
2615 221.136 38611
2616 221.140 46097
2617 221.144 54643
2618 221.148 63746
2619 221.153 72495
2620 221.157 79861
2621 221.161 84702
2622 221.165 86334
2623 221.169 84868
2624 221.173 80406
2625 221.177 73820
2626 221.181 65831
2627 221.185 57701
2628 221.189 49929
2629 221.194 43492
2630 221.198 39099
2631 221.202 36638
2632 221.206 35781
2633 221.210 36688
2634 221.214 39184
2635 221.218 43387
2636 221.222 49121
2637 221.226 56166
2638 221.230 64143
2639 221.235 72428
2640 221.239 80062
2641 221.243 86071
2642 221.247 89129
2643 221.251 89064
2644 221.255 85450
2645 221.259 79077
2646 221.263 70373
2647 221.267 61130
2648 221.271 52218
2649 221.276 44324
2650 221.280 37998
2651 221.284 33660
2652 221.288 31049
2653 221.292 30073
2654 221.296 30636
2655 221.300 32806
2656 221.304 36079
2657 221.308 40591
2658 221.313 45813
2659 221.317 51795
2660 221.321 57630
2661 221.325 62239
2662 221.329 64748
2663 221.333 65027
2664 221.337 62138
2665 221.341 56790
2666 221.345 49545
2667 221.350 41778
2668 221.354 34372
2669 221.358 27753
2670 221.362 22256
2671 221.366 17887
2672 221.370 14632
2673 221.374 12165
2674 221.378 10234
2675 221.382 8666
2676 221.387 7457
2677 221.391 6552
2678 221.395 5785
2679 221.399 5390
2680 221.403 4847
2681 221.407 4337
2682 221.411 4047
2683 221.415 3838
2684 221.419 3600
2685 221.424 3442
2686 221.428 3175
2687 221.432 3000
2688 221.436 2825
2689 221.440 2788
2690 221.444 2598
2691 221.448 2333
2692 221.452 2226
2693 221.456 2204
2694 221.461 2088
2695 221.465 1995
2696 221.469 1900
2697 221.473 2002
2698 221.477 1901
2699 221.481 1815
2700 221.485 1793
2701 221.489 1783
2702 221.494 1785
2703 221.498 1715
2704 221.502 1732
2705 221.506 1730
2706 221.510 1788
2707 221.514 1844
2708 221.518 1771
2709 221.522 1837
2710 221.527 1790
2711 221.531 1757
2712 221.535 1755
2713 221.539 1782
2714 221.543 1795
2715 221.547 1915
2716 221.551 2015
2717 221.555 2126
2718 221.559 2166
2719 221.564 2257
2720 221.568 2373
2721 221.572 2444
2722 221.576 2691
2723 221.580 2867
2724 221.584 2984
2725 221.588 3401
2726 221.592 3829
2727 221.597 4280
2728 221.601 4619
2729 221.605 5110
2730 221.609 5858
2731 221.613 6916
2732 221.617 8365
2733 221.621 10359
2734 221.626 12918
2735 221.630 16155
2736 221.634 19561
2737 221.638 23144
2738 221.642 28020
2739 221.646 32224
2740 221.650 35314
2741 221.654 36953
2742 221.659 36339
2743 221.663 34054
2744 221.667 30291
2745 221.671 26163
2746 221.675 22358
2747 221.679 19267
2748 221.683 16955
2749 221.687 15795
2750 221.692 15765
2751 221.696 16581
2752 221.700 18279
2753 221.704 21007
2754 221.708 24475
2755 221.712 28447
2756 221.716 32345
2757 221.721 35542
2758 221.725 37292
2759 221.729 37347
2760 221.733 35490
2761 221.737 32006
2762 221.741 27607
2763 221.745 23164
2764 221.750 19318
2765 221.754 16373
2766 221.758 14384
2767 221.762 13309
2768 221.766 12942
2769 221.770 13467
2770 221.774 14833
2771 221.778 16817
2772 221.783 19433
2773 221.787 22211
2774 221.791 24912
2775 221.795 26537
2776 221.799 26892
2777 221.803 25895
2778 221.807 23452
2779 221.812 20109
2780 221.816 16519
2781 221.820 13164
2782 221.824 10315
2783 221.828 8086
2784 221.832 6389
2785 221.836 5098
2786 221.841 4205
2787 221.845 3544
2788 221.849 2968
2789 221.853 2693
2790 221.857 2488
2791 221.861 2196
2792 221.866 1883
2793 221.870 1816
2794 221.874 1627
2795 221.878 1362
2796 221.882 1166
2797 221.886 1042
2798 221.890 943
2799 221.895 852
2800 221.899 840
2801 221.903 765
2802 221.907 828
2803 221.911 862
2804 221.915 743
2805 221.919 663
2806 221.924 579
2807 221.928 509
2808 221.932 461
2809 221.936 434
2810 221.940 509
2811 221.944 427
2812 221.948 407
2813 221.953 387
2814 221.957 334
2815 221.961 349
2816 221.965 462
2817 221.969 404
2818 221.973 376
2819 221.978 395
2820 221.982 351
2821 221.986 281
2822 221.990 298
2823 221.994 277
2824 221.998 370
2825 222.002 394
2826 222.007 354
2827 222.011 455
2828 222.015 477
2829 222.019 476
2830 222.023 414
2831 222.027 489
2832 222.032 609
2833 222.036 811
2834 222.040 941
2835 222.044 1000
2836 222.048 1288
2837 222.052 1680
2838 222.057 2072
2839 222.061 2645
2840 222.065 3473
2841 222.069 4380
2842 222.073 5361
2843 222.077 6249
2844 222.081 6999
2845 222.086 7408
2846 222.090 7281
2847 222.094 6768
2848 222.098 5993
2849 222.102 5095
2850 222.106 4266
2851 222.111 3646
2852 222.115 3090
2853 222.119 2700
2854 222.123 2571
2855 222.127 2722
2856 222.131 2970
2857 222.136 3276
2858 222.140 3811
2859 222.144 4477
2860 222.148 4993
2861 222.152 5174
2862 222.156 5001
2863 222.161 4606
2864 222.165 3894
2865 222.169 3235
2866 222.173 2739
2867 222.177 2408
2868 222.181 1952
2869 222.186 1719
2870 222.190 1642
2871 222.194 1639
2872 222.198 1736
2873 222.202 2074
2874 222.206 2409
2875 222.211 2673
2876 222.215 2891
2877 222.219 2992
2878 222.223 2807
2879 222.227 2354
2880 222.231 1916
2881 222.236 1500
2882 222.240 1067
2883 222.244 731
2884 222.248 393
2885 222.252 181
2886 222.257 -5
2887 222.261 -167
2888 222.265 -208
2889 222.269 -187
2890 222.273 -208
2891 222.277 -268
2892 222.282 -289
2893 222.286 -183
2894 222.290 -259
2895 222.294 -243
2896 222.298 -161
2897 222.302 -213
2898 222.307 -301
2899 222.311 -286
2900 222.315 -389
2901 222.319 -276
2902 222.323 -248
2903 222.328 -324
2904 222.332 -234
2905 222.336 -292
2906 222.340 -298
2907 222.344 -341
2908 222.348 -413
2909 222.353 -409
2910 222.357 -406
2911 222.361 -394
2912 222.365 -380
2913 222.369 -405
2914 222.374 -433
2915 222.378 -419
2916 222.382 -442
2917 222.386 -421
2918 222.390 -422
2919 222.394 -379
2920 222.399 -394
2921 222.403 -411
2922 222.407 -532
2923 222.411 -500
2924 222.415 -428
2925 222.420 -441
2926 222.424 -407
2927 222.428 -387
2928 222.432 -439
2929 222.436 -380
2930 222.440 -383
2931 222.445 -320
2932 222.449 -281
2933 222.453 -230
2934 222.457 -180
2935 222.461 -153
2936 222.466 -177
2937 222.470 -149
2938 222.474 -176
2939 222.478 -199
2940 222.482 -220
2941 222.487 -265
2942 222.491 -263
2943 222.495 -358
2944 222.499 -470
2945 222.503 -388
2946 222.507 -369
2947 222.512 -433
2948 222.516 -211
2949 222.520 -66
2950 222.524 -111
2951 222.528 -64
2952 222.533 -28
2953 222.537 -123
2954 222.541 -170
2955 222.545 -272
2956 222.549 -304
2957 222.554 -194
2958 222.558 -177
2959 222.562 -276
2960 222.566 -321
2961 222.570 -121
2962 222.575 -190
2963 222.579 -120
2964 222.583 -188
2965 222.587 -234
2966 222.591 -225
2967 222.596 -284
2968 222.600 -375
2969 222.604 -423
2970 222.608 -499
2971 222.612 -415
2972 222.617 -410
2973 222.621 -493
2974 222.625 -483
2975 222.629 -382
2976 222.633 -405
2977 222.638 -435
2978 222.642 -400
2979 222.646 -421
2980 222.650 -369
2981 222.654 -374
2982 222.659 -323
2983 222.663 -304
2984 222.667 -413
2985 222.671 -478
2986 222.675 -583
2987 222.680 -562
2988 222.684 -508
2989 222.688 -579
2990 222.692 -493
2991 222.696 -587
2992 222.701 -602
2993 222.705 -539
2994 222.709 -557
2995 222.713 -561
2996 222.717 -440
2997 222.722 -308
2998 222.726 -457
2999 222.730 -527
3000 222.734 -474
3001 222.738 -497
3002 222.743 -514
3003 222.747 -492
3004 222.751 -443
3005 222.755 -483
3006 222.760 -369
3007 222.764 -340
3008 222.768 -499
3009 222.772 -516
3010 222.776 -495
3011 222.781 -492
3012 222.785 -459
3013 222.789 -547
3014 222.793 -525
3015 222.797 -551
3016 222.802 -495
3017 222.806 -440
3018 222.810 -367
3019 222.814 -425
3020 222.818 -449
3021 222.823 -506
3022 222.827 -516
3023 222.831 -517
3024 222.835 -478
3025 222.840 -454
3026 222.844 -435
3027 222.848 -370
3028 222.852 -384
3029 222.856 -374
3030 222.861 -436
3031 222.865 -430
3032 222.869 -370
3033 222.873 -316
3034 222.877 -308
3035 222.882 -283
3036 222.886 -268
3037 222.890 -350
3038 222.894 -482
3039 222.899 -525
3040 222.903 -487
3041 222.907 -534
3042 222.911 -491
3043 222.915 -582
3044 222.920 -631
3045 222.924 -452
3046 222.928 -347
3047 222.932 -312
3048 222.937 -365
3049 222.941 -446
3050 222.945 -432
3051 222.949 -495
3052 222.953 -552
3053 222.958 -449
3054 222.962 -328
3055 222.966 -367
3056 222.970 -462
3057 222.975 -498
3058 222.979 -516
3059 222.983 -508
3060 222.987 -453
3061 222.991 -436
3062 222.996 -521
3063 223.000 -438
3064 223.004 -479
3065 223.008 -551
3066 223.013 -489
3067 223.017 -478
3068 223.021 -469
3069 223.025 -454
3070 223.030 -478
3071 223.034 -525
3072 223.038 -537
3073 223.042 -541
3074 223.046 -581
3075 223.051 -627
3076 223.055 -530
3077 223.059 -560
3078 223.063 -472
3079 223.068 -491
3080 223.072 -672
3081 223.076 -717
3082 223.080 -599
3083 223.085 -543
3084 223.089 -513
3085 223.093 -553
3086 223.097 -614
3087 223.101 -709
3088 223.106 -676
3089 223.110 -553
3090 223.114 -460
3091 223.118 -465
3092 223.123 -401
3093 223.127 -366
3094 223.131 -364
3095 223.135 -431
3096 223.140 -493
3097 223.144 -457
3098 223.148 -527
3099 223.152 -582
3100 223.157 -495
3101 223.161 -557
3102 223.165 -545
3103 223.169 -456
3104 223.173 -515
3105 223.178 -545
3106 223.182 -470
3107 223.186 -461
3108 223.190 -493
3109 223.195 -495
3110 223.199 -515
3111 223.203 -534
3112 223.207 -598
3113 223.212 -595
3114 223.216 -535
3115 223.220 -465
3116 223.224 -464
3117 223.229 -575
3118 223.233 -585
3119 223.237 -560
3120 223.241 -478
3121 223.246 -530
3122 223.250 -558
3123 223.254 -611
3124 223.258 -541
3125 223.263 -544
3126 223.267 -568
3127 223.271 -537
3128 223.275 -564
3129 223.280 -585
3130 223.284 -603
3131 223.288 -624
3132 223.292 -519
3133 223.297 -506
3134 223.301 -540
3135 223.305 -572
3136 223.309 -519
3137 223.314 -530
3138 223.318 -690
3139 223.322 -759
3140 223.326 -675
3141 223.331 -616
3142 223.335 -594
3143 223.339 -607
3144 223.343 -579
3145 223.348 -555
3146 223.352 -686
3147 223.356 -630
3148 223.360 -593
3149 223.365 -651
3150 223.369 -552
3151 223.373 -566
3152 223.377 -522
3153 223.382 -440
3154 223.386 -447
3155 223.390 -457
3156 223.394 -502
3157 223.399 -540
3158 223.403 -573
3159 223.407 -515
3160 223.411 -445
3161 223.416 -445
3162 223.420 -410
3163 223.424 -514
3164 223.428 -559
3165 223.433 -453
3166 223.437 -363
3167 223.441 -396
3168 223.445 -502
3169 223.450 -565
3170 223.454 -517
3171 223.458 -677
3172 223.462 -697
3173 223.467 -677
3174 223.471 -683
3175 223.475 -571
3176 223.479 -605
3177 223.484 -591
3178 223.488 -646
3179 223.492 -661
3180 223.497 -648
3181 223.501 -480
3182 223.505 -411
3183 223.509 -453
3184 223.514 -483
3185 223.518 -560
3186 223.522 -655
3187 223.526 -676
3188 223.531 -652
3189 223.535 -638
3190 223.539 -627
3191 223.543 -526
3192 223.548 -461
3193 223.552 -612
3194 223.556 -688
3195 223.561 -583
3196 223.565 -542
3197 223.569 -520
3198 223.573 -526
3199 223.578 -449
3200 223.582 -427
3201 223.586 -505
3202 223.590 -572
3203 223.595 -611
3204 223.599 -565
3205 223.603 -582
3206 223.607 -593
3207 223.612 -527
3208 223.616 -508
3209 223.620 -517
3210 223.625 -475
3211 223.629 -497
3212 223.633 -428
3213 223.637 -470
3214 223.642 -493
3215 223.646 -479
3216 223.650 -509
3217 223.654 -551
3218 223.659 -653
3219 223.663 -625
3220 223.667 -605
3221 223.672 -545
3222 223.676 -435
3223 223.680 -437
3224 223.684 -520
3225 223.689 -522
3226 223.693 -507
3227 223.697 -490
3228 223.701 -456
3229 223.706 -463
3230 223.710 -542
3231 223.714 -532
3232 223.719 -425
3233 223.723 -483
3234 223.727 -542
3235 223.731 -579
3236 223.736 -516
3237 223.740 -454
3238 223.744 -454
3239 223.749 -520
3240 223.753 -607
3241 223.757 -484
3242 223.761 -530
3243 223.766 -534
3244 223.770 -499
3245 223.774 -532
3246 223.779 -569
3247 223.783 -450
3248 223.787 -401
3249 223.791 -317
3250 223.796 -385
3251 223.800 -540
3252 223.804 -557
3253 223.809 -516
3254 223.813 -626
3255 223.817 -597
3256 223.821 -613
3257 223.826 -569
3258 223.830 -513
3259 223.834 -502
3260 223.839 -360
3261 223.843 -375
3262 223.847 -509
3263 223.851 -438
3264 223.856 -369
3265 223.860 -490
3266 223.864 -526
3267 223.869 -564
3268 223.873 -473
3269 223.877 -434
3270 223.881 -396
3271 223.886 -396
3272 223.890 -448
3273 223.894 -541
3274 223.899 -632
3275 223.903 -647
3276 223.907 -530
3277 223.911 -456
3278 223.916 -542
3279 223.920 -426
3280 223.924 -373
3281 223.929 -499
3282 223.933 -610
3283 223.937 -521
3284 223.941 -574
3285 223.946 -520
3286 223.950 -469
3287 223.954 -512
3288 223.959 -457
3289 223.963 -473
3290 223.967 -502
3291 223.972 -515
3292 223.976 -406
3293 223.980 -348
3294 223.984 -391
3295 223.989 -414
3296 223.993 -535
3297 223.997 -645
3298 224.002 -631
3299 224.006 -576
3300 224.010 -531
3301 224.015 -462
3302 224.019 -496
3303 224.023 -515
3304 224.027 -435
3305 224.032 -492
3306 224.036 -573
3307 224.040 -654
3308 224.045 -602
3309 224.049 -546
3310 224.053 -634
3311 224.058 -511
3312 224.062 -422
3313 224.066 -386
3314 224.070 -354
3315 224.075 -441
3316 224.079 -533
3317 224.083 -523
3318 224.088 -552
3319 224.092 -433
3320 224.096 -352
3321 224.101 -367
3322 224.105 -414
3323 224.109 -437
3324 224.114 -470
3325 224.118 -493
3326 224.122 -426
3327 224.126 -417
3328 224.131 -488
3329 224.135 -504
3330 224.139 -521
3331 224.144 -516
3332 224.148 -503
3333 224.152 -489
3334 224.157 -391
3335 224.161 -441
3336 224.165 -541
3337 224.170 -415
3338 224.174 -423
3339 224.178 -441
3340 224.182 -392
3341 224.187 -443
3342 224.191 -481
3343 224.195 -339
3344 224.200 -274
3345 224.204 -384
3346 224.208 -338
3347 224.213 -465
3348 224.217 -446
3349 224.221 -415
3350 224.226 -423
3351 224.230 -517
3352 224.234 -491
3353 224.239 -591
3354 224.243 -504
3355 224.247 -475
3356 224.252 -433
3357 224.256 -428
3358 224.260 -483
3359 224.264 -433
3360 224.269 -462
3361 224.273 -471
3362 224.277 -506
3363 224.282 -432
3364 224.286 -382
3365 224.290 -304
3366 224.295 -261
3367 224.299 -312
3368 224.303 -385
3369 224.308 -416
3370 224.312 -375
3371 224.316 -396
3372 224.321 -437
3373 224.325 -405
3374 224.329 -417
3375 224.334 -392
3376 224.338 -367
3377 224.342 -469
3378 224.347 -440
3379 224.351 -381
3380 224.355 -298
3381 224.360 -265
3382 224.364 -360
3383 224.368 -440
3384 224.372 -350
3385 224.377 -326
3386 224.381 -346
3387 224.385 -310
3388 224.390 -311
3389 224.394 -391
3390 224.398 -369
3391 224.403 -406
3392 224.407 -438
3393 224.411 -405
3394 224.416 -311
3395 224.420 -322
3396 224.424 -346
3397 224.429 -330
3398 224.433 -197
3399 224.437 -342
3400 224.442 -479
3401 224.446 -475
3402 224.450 -408
3403 224.455 -381
3404 224.459 -435
3405 224.463 -391
3406 224.468 -298
3407 224.472 -239
3408 224.476 -306
3409 224.481 -325
3410 224.485 -272
3411 224.489 -263
3412 224.494 -354
3413 224.498 -479
3414 224.502 -456
3415 224.507 -348
3416 224.511 -240
3417 224.515 -362
3418 224.520 -394
3419 224.524 -408
3420 224.528 -352
3421 224.533 -352
3422 224.537 -415
3423 224.541 -470
3424 224.546 -388
3425 224.550 -471
3426 224.554 -472
3427 224.559 -381
3428 224.563 -344
3429 224.567 -372
3430 224.572 -441
3431 224.576 -399
3432 224.580 -409
3433 224.585 -378
3434 224.589 -268
3435 224.594 -212
3436 224.598 -240
3437 224.602 -266
3438 224.607 -289
3439 224.611 -375
3440 224.615 -421
3441 224.620 -435
3442 224.624 -530
3443 224.628 -580
3444 224.633 -522
3445 224.637 -493
3446 224.641 -478
3447 224.646 -489
3448 224.650 -372
3449 224.654 -249
3450 224.659 -222
3451 224.663 -283
3452 224.667 -299
3453 224.672 -229
3454 224.676 -197
3455 224.680 -291
3456 224.685 -294
3457 224.689 -250
3458 224.693 -320
3459 224.698 -387
3460 224.702 -423
3461 224.707 -408
3462 224.711 -389
3463 224.715 -389
3464 224.720 -363
3465 224.724 -407
3466 224.728 -341
3467 224.733 -288
3468 224.737 -254
3469 224.741 -289
3470 224.746 -306
3471 224.750 -350
3472 224.754 -355
3473 224.759 -310
3474 224.763 -318
3475 224.767 -378
3476 224.772 -360
3477 224.776 -253
3478 224.781 -294
3479 224.785 -414
3480 224.789 -438
3481 224.794 -440
3482 224.798 -436
3483 224.802 -361
3484 224.807 -268
3485 224.811 -280
3486 224.815 -283
3487 224.820 -274
3488 224.824 -345
3489 224.828 -314
3490 224.833 -279
3491 224.837 -334
3492 224.842 -430
3493 224.846 -547
3494 224.850 -369
3495 224.855 -314
3496 224.859 -371
3497 224.863 -336
3498 224.868 -351
3499 224.872 -383
3500 224.876 -444
3501 224.881 -468
3502 224.885 -411
3503 224.889 -343
3504 224.894 -367
3505 224.898 -285
3506 224.903 -271
3507 224.907 -299
3508 224.911 -328
3509 224.916 -276
3510 224.920 -194
3511 224.924 -215
3512 224.929 -254
3513 224.933 -176
3514 224.938 -266
3515 224.942 -307
3516 224.946 -174
3517 224.951 -210
3518 224.955 -210
3519 224.959 -192
3520 224.964 -216
3521 224.968 -280
3522 224.972 -341
3523 224.977 -299
3524 224.981 -269
3525 224.986 -334
3526 224.990 -368
3527 224.994 -287
3528 224.999 -259
3529 225.003 -314
3530 225.007 -322
3531 225.012 -231
3532 225.016 -261
3533 225.021 -343
3534 225.025 -417
3535 225.029 -473
3536 225.034 -465
3537 225.038 -394
3538 225.042 -323
3539 225.047 -345
3540 225.051 -268
3541 225.056 -260
3542 225.060 -281
3543 225.064 -304
3544 225.069 -231
3545 225.073 -201
3546 225.077 -201
3547 225.082 -275
3548 225.086 -267
3549 225.091 -335
3550 225.095 -423
3551 225.099 -427
3552 225.104 -445
3553 225.108 -480
3554 225.112 -418
3555 225.117 -297
3556 225.121 -279
3557 225.126 -357
3558 225.130 -339
3559 225.134 -391
3560 225.139 -394
3561 225.143 -331
3562 225.147 -264
3563 225.152 -290
3564 225.156 -226
3565 225.161 -296
3566 225.165 -328
3567 225.169 -340
3568 225.174 -355
3569 225.178 -406
3570 225.183 -428
3571 225.187 -380
3572 225.191 -321
3573 225.196 -400
3574 225.200 -347
3575 225.204 -374
3576 225.209 -323
3577 225.213 -352
3578 225.218 -350
3579 225.222 -239
3580 225.226 -258
3581 225.231 -308
3582 225.235 -155
3583 225.240 -148
3584 225.244 -277
3585 225.248 -266
3586 225.253 -228
3587 225.257 -228
3588 225.262 -333
3589 225.266 -248
3590 225.270 -159
3591 225.275 -206
3592 225.279 -171
3593 225.284 -220
3594 225.288 -343
3595 225.292 -303
3596 225.297 -185
3597 225.301 -277
3598 225.305 -369
3599 225.310 -249
3600 225.314 -278
3601 225.319 -360
3602 225.323 -316
3603 225.327 -268
3604 225.332 -284
3605 225.336 -330
3606 225.341 -372
3607 225.345 -147
3608 225.349 -102
3609 225.354 -255
3610 225.358 -365
3611 225.363 -449
3612 225.367 -395
3613 225.371 -548
3614 225.376 -504
3615 225.380 -334
3616 225.385 -267
3617 225.389 -186
3618 225.393 -224
3619 225.398 -366
3620 225.402 -368
3621 225.407 -319
3622 225.411 -275
3623 225.415 -339
3624 225.420 -313
3625 225.424 -314
3626 225.429 -323
3627 225.433 -349
3628 225.437 -230
3629 225.442 -198
3630 225.446 -247
3631 225.451 -222
3632 225.455 -219
3633 225.459 -235
3634 225.464 -291
3635 225.468 -392
3636 225.473 -527
3637 225.477 -454
3638 225.481 -265
3639 225.486 -231
3640 225.490 -273
3641 225.495 -342
3642 225.499 -350
3643 225.504 -247
3644 225.508 -234
3645 225.512 -287
3646 225.517 -279
3647 225.521 -254
3648 225.526 -183
