1 211.301 169
2 211.305 148
3 211.308 151
4 211.312 87
5 211.315 25
6 211.319 38
7 211.322 -17
8 211.325 -50
9 211.329 -5
10 211.332 122
11 211.336 114
12 211.339 -28
13 211.343 -42
14 211.346 -21
15 211.350 -7
16 211.353 -28
17 211.357 -2
18 211.360 51
19 211.364 61
20 211.367 -32
21 211.371 -74
22 211.374 -70
23 211.378 -14
24 211.381 -70
25 211.385 -155
26 211.388 -104
27 211.392 -12
28 211.395 45
29 211.398 -17
30 211.402 63
31 211.405 70
32 211.409 -178
33 211.412 -285
34 211.416 -347
35 211.419 -498
36 211.423 -551
37 211.426 -521
38 211.430 -414
39 211.433 -475
40 211.437 -581
41 211.440 -499
42 211.444 -310
43 211.447 -217
44 211.451 -318
45 211.454 -457
46 211.458 -388
47 211.461 -288
48 211.465 -321
49 211.468 -375
50 211.472 -346
51 211.475 -331
52 211.478 -378
53 211.482 -403
54 211.485 -447
55 211.489 -465
56 211.492 -401
57 211.496 -444
58 211.499 -356
59 211.503 -315
60 211.506 -272
61 211.510 -329
62 211.513 -405
63 211.517 -449
64 211.520 -466
65 211.524 -461
66 211.527 -397
67 211.531 -339
68 211.534 -376
69 211.538 -385
70 211.541 -396
71 211.545 -375
72 211.548 -395
73 211.552 -402
74 211.555 -446
75 211.559 -344
76 211.562 -433
77 211.566 -452
78 211.569 -424
79 211.573 -348
80 211.576 -437
81 211.580 -444
82 211.583 -474
83 211.587 -427
84 211.590 -305
85 211.593 -281
86 211.597 -280
87 211.600 -372
88 211.604 -419
89 211.607 -465
90 211.611 -427
91 211.614 -417
92 211.618 -434
93 211.621 -350
94 211.625 -405
95 211.628 -467
96 211.632 -405
97 211.635 -442
98 211.639 -409
99 211.642 -318
100 211.646 -421
101 211.649 -448
102 211.653 -472
103 211.656 -376
104 211.660 -385
105 211.663 -356
106 211.667 -366
107 211.670 -393
108 211.674 -383
109 211.677 -464
110 211.681 -514
111 211.684 -604
112 211.688 -522
113 211.691 -467
114 211.695 -483
115 211.698 -386
116 211.702 -498
117 211.705 -539
118 211.709 -593
119 211.712 -441
120 211.716 -389
121 211.719 -396
122 211.723 -380
123 211.726 -379
124 211.730 -327
125 211.733 -427
126 211.737 -414
127 211.740 -334
128 211.744 -381
129 211.747 -509
130 211.751 -499
131 211.754 -479
132 211.758 -534
133 211.761 -464
134 211.765 -402
135 211.768 -269
136 211.772 -268
137 211.775 -331
138 211.779 -408
139 211.782 -385
140 211.786 -322
141 211.789 -257
142 211.793 -237
143 211.796 -273
144 211.800 -325
145 211.803 -377
146 211.807 -462
147 211.810 -464
148 211.814 -495
149 211.817 -480
150 211.821 -464
151 211.824 -392
152 211.828 -372
153 211.831 -407
154 211.835 -371
155 211.838 -433
156 211.842 -309
157 211.845 -369
158 211.849 -358
159 211.852 -393
160 211.856 -420
161 211.859 -487
162 211.863 -481
163 211.866 -431
164 211.870 -405
165 211.873 -433
166 211.877 -389
167 211.880 -389
168 211.884 -485
169 211.887 -560
170 211.891 -528
171 211.894 -326
172 211.898 -421
173 211.901 -491
174 211.905 -581
175 211.908 -559
176 211.912 -562
177 211.915 -495
178 211.919 -484
179 211.922 -447
180 211.926 -386
181 211.929 -399
182 211.933 -492
183 211.936 -501
184 211.940 -474
185 211.943 -446
186 211.947 -402
187 211.950 -397
188 211.954 -447
189 211.957 -478
190 211.961 -534
191 211.964 -580
192 211.968 -534
193 211.971 -521
194 211.975 -522
195 211.978 -429
196 211.982 -456
197 211.985 -436
198 211.989 -482
199 211.992 -498
200 211.996 -551
201 211.999 -606
202 212.003 -477
203 212.006 -461
204 212.010 -502
205 212.013 -558
206 212.017 -493
207 212.020 -543
208 212.024 -450
209 212.028 -377
210 212.031 -338
211 212.035 -372
212 212.038 -387
213 212.042 -404
214 212.045 -293
215 212.049 -322
216 212.052 -417
217 212.056 -511
218 212.059 -550
219 212.063 -484
220 212.066 -326
221 212.070 -384
222 212.073 -396
223 212.077 -317
224 212.080 -367
225 212.084 -369
226 212.087 -447
227 212.091 -557
228 212.094 -608
229 212.098 -564
230 212.101 -526
231 212.105 -520
232 212.108 -438
233 212.112 -429
234 212.115 -398
235 212.119 -440
236 212.122 -499
237 212.126 -458
238 212.129 -405
239 212.133 -351
240 212.136 -414
241 212.140 -402
242 212.144 -399
243 212.147 -457
244 212.151 -479
245 212.154 -426
246 212.158 -360
247 212.161 -372
248 212.165 -411
249 212.168 -344
250 212.172 -395
251 212.175 -479
252 212.179 -424
253 212.182 -490
254 212.186 -552
255 212.189 -466
256 212.193 -446
257 212.196 -438
258 212.200 -390
259 212.203 -484
260 212.207 -511
261 212.210 -491
262 212.214 -493
263 212.217 -531
264 212.221 -577
265 212.225 -489
266 212.228 -399
267 212.232 -403
268 212.235 -437
269 212.239 -458
270 212.242 -460
271 212.246 -430
272 212.249 -470
273 212.253 -496
274 212.256 -489
275 212.260 -507
276 212.263 -457
277 212.267 -472
278 212.270 -590
279 212.274 -707
280 212.277 -651
281 212.281 -542
282 212.284 -505
283 212.288 -531
284 212.291 -497
285 212.295 -522
286 212.299 -431
287 212.302 -327
288 212.306 -292
289 212.309 -330
290 212.313 -337
291 212.316 -382
292 212.320 -488
293 212.323 -574
294 212.327 -604
295 212.330 -571
296 212.334 -450
297 212.337 -442
298 212.341 -459
299 212.344 -494
300 212.348 -372
301 212.351 -404
302 212.355 -458
303 212.359 -450
304 212.362 -498
305 212.366 -580
306 212.369 -488
307 212.373 -482
308 212.376 -493
309 212.380 -553
310 212.383 -458
311 212.387 -456
312 212.390 -511
313 212.394 -494
314 212.397 -540
315 212.401 -549
316 212.404 -526
317 212.408 -484
318 212.412 -513
319 212.415 -548
320 212.419 -412
321 212.422 -466
322 212.426 -465
323 212.429 -501
324 212.433 -558
325 212.436 -541
326 212.440 -474
327 212.443 -520
328 212.447 -453
329 212.450 -502
330 212.454 -505
331 212.457 -517
332 212.461 -552
333 212.465 -527
334 212.468 -611
335 212.472 -533
336 212.475 -479
337 212.479 -471
338 212.482 -497
339 212.486 -439
340 212.489 -407
341 212.493 -366
342 212.496 -526
343 212.500 -651
344 212.503 -640
345 212.507 -651
346 212.511 -721
347 212.514 -547
348 212.518 -457
349 212.521 -438
350 212.525 -484
351 212.528 -465
352 212.532 -521
353 212.535 -539
354 212.539 -555
355 212.542 -527
356 212.546 -586
357 212.550 -565
358 212.553 -557
359 212.557 -493
360 212.560 -474
361 212.564 -461
362 212.567 -464
363 212.571 -457
364 212.574 -565
365 212.578 -545
366 212.581 -512
367 212.585 -428
368 212.588 -436
369 212.592 -449
370 212.596 -461
371 212.599 -472
372 212.603 -433
373 212.606 -526
374 212.610 -544
375 212.613 -605
376 212.617 -631
377 212.620 -602
378 212.624 -571
379 212.627 -557
380 212.631 -517
381 212.635 -530
382 212.638 -444
383 212.642 -384
384 212.645 -329
385 212.649 -434
386 212.652 -464
387 212.656 -429
388 212.659 -466
389 212.663 -398
390 212.667 -508
391 212.670 -469
392 212.674 -460
393 212.677 -438
394 212.681 -437
395 212.684 -476
396 212.688 -477
397 212.691 -559
398 212.695 -525
399 212.698 -448
400 212.702 -485
401 212.706 -528
402 212.709 -545
403 212.713 -516
404 212.716 -605
405 212.720 -638
406 212.723 -663
407 212.727 -641
408 212.730 -618
409 212.734 -513
410 212.738 -460
411 212.741 -522
412 212.745 -597
413 212.748 -551
414 212.752 -560
415 212.755 -476
416 212.759 -532
417 212.762 -565
418 212.766 -456
419 212.770 -424
420 212.773 -459
421 212.777 -421
422 212.780 -391
423 212.784 -494
424 212.787 -484
425 212.791 -483
426 212.794 -469
427 212.798 -490
428 212.802 -440
429 212.805 -525
430 212.809 -557
431 212.812 -585
432 212.816 -623
433 212.819 -586
434 212.823 -454
435 212.826 -466
436 212.830 -571
437 212.834 -535
438 212.837 -603
439 212.841 -600
440 212.844 -515
441 212.848 -553
442 212.851 -465
443 212.855 -450
444 212.858 -438
445 212.862 -525
446 212.866 -534
447 212.869 -497
448 212.873 -461
449 212.876 -387
450 212.880 -395
451 212.883 -479
452 212.887 -554
453 212.890 -514
454 212.894 -511
455 212.898 -513
456 212.901 -504
457 212.905 -541
458 212.908 -510
459 212.912 -523
460 212.915 -517
461 212.919 -464
462 212.923 -430
463 212.926 -487
464 212.930 -509
465 212.933 -542
466 212.937 -562
467 212.940 -546
468 212.944 -624
469 212.948 -679
470 212.951 -675
471 212.955 -607
472 212.958 -581
473 212.962 -522
474 212.965 -498
475 212.969 -612
476 212.972 -586
477 212.976 -508
478 212.980 -520
479 212.983 -498
480 212.987 -459
481 212.990 -480
482 212.994 -412
483 212.997 -408
484 213.001 -463
485 213.005 -472
486 213.008 -544
487 213.012 -545
488 213.015 -456
489 213.019 -418
490 213.022 -461
491 213.026 -506
492 213.030 -514
493 213.033 -583
494 213.037 -580
495 213.040 -570
496 213.044 -538
497 213.047 -538
498 213.051 -577
499 213.055 -615
500 213.058 -639
501 213.062 -531
502 213.065 -503
503 213.069 -519
504 213.072 -539
505 213.076 -580
506 213.080 -582
507 213.083 -572
508 213.087 -614
509 213.090 -585
510 213.094 -554
511 213.097 -550
512 213.101 -551
513 213.105 -521
514 213.108 -430
515 213.112 -429
516 213.115 -566
517 213.119 -590
518 213.122 -461
519 213.126 -440
520 213.130 -436
521 213.133 -420
522 213.137 -447
523 213.140 -582
524 213.144 -538
525 213.147 -451
526 213.151 -444
527 213.155 -493
528 213.158 -493
529 213.162 -407
530 213.165 -462
531 213.169 -507
532 213.173 -554
533 213.176 -625
534 213.180 -560
535 213.183 -419
536 213.187 -374
537 213.190 -474
538 213.194 -490
539 213.198 -473
540 213.201 -489
541 213.205 -504
542 213.208 -545
543 213.212 -458
544 213.215 -345
545 213.219 -304
546 213.223 -385
547 213.226 -453
548 213.230 -464
549 213.233 -490
550 213.237 -442
551 213.241 -401
552 213.244 -312
553 213.248 -322
554 213.251 -383
555 213.255 -485
556 213.258 -558
557 213.262 -548
558 213.266 -478
559 213.269 -431
560 213.273 -399
561 213.276 -555
562 213.280 -516
563 213.284 -479
564 213.287 -482
565 213.291 -429
566 213.294 -420
567 213.298 -421
568 213.301 -471
569 213.305 -445
570 213.309 -490
571 213.312 -545
572 213.316 -625
573 213.319 -585
574 213.323 -595
575 213.327 -594
576 213.330 -514
577 213.334 -581
578 213.337 -657
579 213.341 -665
580 213.345 -608
581 213.348 -522
582 213.352 -608
583 213.355 -592
584 213.359 -567
585 213.362 -623
586 213.366 -551
587 213.370 -579
588 213.373 -553
589 213.377 -482
590 213.380 -447
591 213.384 -506
592 213.388 -529
593 213.391 -540
594 213.395 -536
595 213.398 -575
596 213.402 -608
597 213.406 -548
598 213.409 -545
599 213.413 -475
600 213.416 -493
601 213.420 -450
602 213.423 -446
603 213.427 -431
604 213.431 -490
605 213.434 -433
606 213.438 -498
607 213.441 -521
608 213.445 -526
609 213.449 -643
610 213.452 -818
611 213.456 -721
612 213.459 -605
613 213.463 -464
614 213.467 -480
615 213.470 -655
616 213.474 -684
617 213.477 -609
618 213.481 -515
619 213.485 -411
620 213.488 -515
621 213.492 -564
622 213.495 -529
623 213.499 -519
624 213.503 -504
625 213.506 -477
626 213.510 -521
627 213.513 -465
628 213.517 -489
629 213.521 -551
630 213.524 -473
631 213.528 -463
632 213.531 -547
633 213.535 -629
634 213.539 -701
635 213.542 -692
636 213.546 -654
637 213.549 -594
638 213.553 -587
639 213.557 -533
640 213.560 -551
641 213.564 -521
642 213.567 -608
643 213.571 -595
644 213.575 -562
645 213.578 -507
646 213.582 -527
647 213.585 -558
648 213.589 -562
649 213.593 -485
650 213.596 -452
651 213.600 -458
652 213.603 -420
653 213.607 -557
654 213.611 -552
655 213.614 -613
656 213.618 -678
657 213.621 -606
658 213.625 -601
659 213.629 -628
660 213.632 -587
661 213.636 -613
662 213.639 -544
663 213.643 -448
664 213.647 -569
665 213.650 -457
666 213.654 -519
667 213.657 -602
668 213.661 -622
669 213.665 -686
670 213.668 -689
671 213.672 -680
672 213.676 -606
673 213.679 -612
674 213.683 -533
675 213.686 -612
676 213.690 -643
677 213.694 -590
678 213.697 -601
679 213.701 -547
680 213.704 -403
681 213.708 -389
682 213.712 -460
683 213.715 -570
684 213.719 -542
685 213.722 -558
686 213.726 -588
687 213.730 -572
688 213.733 -577
689 213.737 -603
690 213.740 -607
691 213.744 -613
692 213.748 -649
693 213.751 -636
694 213.755 -503
695 213.759 -500
696 213.762 -510
697 213.766 -536
698 213.769 -471
699 213.773 -488
700 213.777 -562
701 213.780 -576
702 213.784 -533
703 213.787 -597
704 213.791 -516
705 213.795 -518
706 213.798 -446
707 213.802 -503
708 213.806 -615
709 213.809 -675
710 213.813 -706
711 213.816 -579
712 213.820 -513
713 213.824 -573
714 213.827 -633
715 213.831 -644
716 213.834 -631
717 213.838 -618
718 213.842 -533
719 213.845 -627
720 213.849 -627
721 213.853 -542
722 213.856 -543
723 213.860 -503
724 213.863 -486
725 213.867 -542
726 213.871 -643
727 213.874 -594
728 213.878 -540
729 213.882 -571
730 213.885 -679
731 213.889 -630
732 213.892 -529
733 213.896 -505
734 213.900 -612
735 213.903 -582
736 213.907 -555
737 213.910 -526
738 213.914 -592
739 213.918 -600
740 213.921 -630
741 213.925 -606
742 213.929 -633
743 213.932 -651
744 213.936 -596
745 213.939 -546
746 213.943 -582
747 213.947 -618
748 213.950 -498
749 213.954 -453
750 213.958 -519
751 213.961 -623
752 213.965 -591
753 213.968 -594
754 213.972 -587
755 213.976 -609
756 213.979 -682
757 213.983 -660
758 213.987 -683
759 213.990 -602
760 213.994 -592
761 213.997 -609
762 214.001 -604
763 214.005 -552
764 214.008 -511
765 214.012 -573
766 214.016 -570
767 214.019 -542
768 214.023 -481
769 214.027 -504
770 214.030 -519
771 214.034 -513
772 214.037 -572
773 214.041 -640
774 214.045 -586
775 214.048 -590
776 214.052 -598
777 214.056 -655
778 214.059 -592
779 214.063 -521
780 214.066 -522
781 214.070 -614
782 214.074 -682
783 214.077 -615
784 214.081 -548
785 214.085 -517
786 214.088 -525
787 214.092 -608
788 214.095 -672
789 214.099 1501
790 214.103 4311
791 214.106 1464
792 214.110 193
793 214.114 -248
794 214.117 -416
795 214.121 -546
796 214.125 -660
797 214.128 -611
798 214.132 -580
799 214.135 -547
800 214.139 -567
801 214.143 -587
802 214.146 -529
803 214.150 -535
804 214.154 -537
805 214.157 -557
806 214.161 -595
807 214.165 -651
808 214.168 -537
809 214.172 -470
810 214.175 -544
811 214.179 -632
812 214.183 -547
813 214.186 -545
814 214.190 -689
815 214.194 -623
816 214.197 -549
817 214.201 -544
818 214.205 -609
819 214.208 -587
820 214.212 -618
821 214.216 -727
822 214.219 -700
823 214.223 -558
824 214.226 -602
825 214.230 -603
826 214.234 -520
827 214.237 -535
828 214.241 -564
829 214.245 -568
830 214.248 -533
831 214.252 -624
832 214.256 -671
833 214.259 -629
834 214.263 -596
835 214.266 -512
836 214.270 -611
837 214.274 -617
838 214.277 -624
839 214.281 -642
840 214.285 -616
841 214.288 -577
842 214.292 -551
843 214.296 -560
844 214.299 -520
845 214.303 -532
846 214.307 -595
847 214.310 -646
848 214.314 -663
849 214.318 -538
850 214.321 -470
851 214.325 -519
852 214.328 -488
853 214.332 -514
854 214.336 -628
855 214.339 -664
856 214.343 -679
857 214.347 -619
858 214.350 -647
859 214.354 -619
860 214.358 -598
861 214.361 -559
862 214.365 -524
863 214.369 -593
864 214.372 -686
865 214.376 -715
866 214.380 -650
867 214.383 -636
868 214.387 -677
869 214.390 -632
870 214.394 -558
871 214.398 -567
872 214.401 -573
873 214.405 -706
874 214.409 -712
875 214.412 -745
876 214.416 -708
877 214.420 -662
878 214.423 -726
879 214.427 -729
880 214.431 -742
881 214.434 -679
882 214.438 -602
883 214.442 -595
884 214.445 -670
885 214.449 -709
886 214.453 -661
887 214.456 -617
888 214.460 -659
889 214.464 -573
890 214.467 -578
891 214.471 -580
892 214.475 -579
893 214.478 -574
894 214.482 -648
895 214.485 -704
896 214.489 -716
897 214.493 -671
898 214.496 -612
899 214.500 -597
900 214.504 -611
901 214.507 -519
902 214.511 -481
903 214.515 -541
904 214.518 -497
905 214.522 -536
906 214.526 -606
907 214.529 -660
908 214.533 -656
909 214.537 -614
910 214.540 -617
911 214.544 -656
912 214.548 -619
913 214.551 -676
914 214.555 -616
915 214.559 -699
916 214.562 -643
917 214.566 -659
918 214.570 -684
919 214.573 -687
920 214.577 -704
921 214.581 -683
922 214.584 -588
923 214.588 -582
924 214.592 -587
925 214.595 -571
926 214.599 -514
927 214.603 -455
928 214.606 -542
929 214.610 -630
930 214.614 -716
931 214.617 -716
932 214.621 -619
933 214.625 -625
934 214.628 -584
935 214.632 -610
936 214.636 -679
937 214.639 -700
938 214.643 -723
939 214.647 -660
940 214.650 -543
941 214.654 -530
942 214.658 -586
943 214.661 -547
944 214.665 -484
945 214.669 -492
946 214.672 -536
947 214.676 -502
948 214.680 -552
949 214.683 -566
950 214.687 -516
951 214.691 -450
952 214.694 -518
953 214.698 -651
954 214.702 -731
955 214.705 -745
956 214.709 -739
957 214.713 -672
958 214.716 -720
959 214.720 -779
960 214.724 -645
961 214.727 -612
962 214.731 -594
963 214.735 -628
964 214.738 -557
965 214.742 -626
966 214.746 -592
967 214.749 -592
968 214.753 -599
969 214.757 -606
970 214.760 -557
971 214.764 -680
972 214.768 -556
973 214.771 -461
974 214.775 -518
975 214.779 -565
976 214.782 -609
977 214.786 -599
978 214.790 -575
979 214.793 -639
980 214.797 -648
981 214.801 -590
982 214.804 -630
983 214.808 -604
984 214.812 -588
985 214.816 -577
986 214.819 -532
987 214.823 -521
988 214.827 -532
989 214.830 -532
990 214.834 -549
991 214.838 -577
992 214.841 -559
993 214.845 -534
994 214.849 -578
995 214.852 -651
996 214.856 -753
997 214.860 -643
998 214.863 -575
999 214.867 -542
1000 214.871 -541
1001 214.874 -528
1002 214.878 -612
1003 214.882 -597
1004 214.885 -581
1005 214.889 -646
1006 214.893 -645
1007 214.896 -729
1008 214.900 -727
1009 214.904 -609
1010 214.907 -600
1011 214.911 -598
1012 214.915 -564
1013 214.919 -650
1014 214.922 -628
1015 214.926 -638
1016 214.930 -690
1017 214.933 -619
1018 214.937 -711
1019 214.941 -680
1020 214.944 -639
1021 214.948 -654
1022 214.952 -561
1023 214.955 -483
1024 214.959 -479
1025 214.963 -510
1026 214.966 -618
1027 214.970 -578
1028 214.974 -535
1029 214.978 -570
1030 214.981 -502
1031 214.985 -543
1032 214.989 -590
1033 214.992 -598
1034 214.996 -642
1035 215.000 -632
1036 215.003 -522
1037 215.007 -512
1038 215.011 -638
1039 215.014 -625
1040 215.018 -612
1041 215.022 -609
1042 215.025 -590
1043 215.029 -548
1044 215.033 -490
1045 215.037 -455
1046 215.040 -543
1047 215.044 -528
1048 215.048 -480
1049 215.051 -370
1050 215.055 -188
1051 215.059 76
1052 215.062 422
1053 215.066 743
1054 215.070 1129
1055 215.073 1629
1056 215.077 1980
1057 215.081 2156
1058 215.085 2206
1059 215.088 2321
1060 215.092 2245
1061 215.096 2335
1062 215.099 2371
1063 215.103 2469
1064 215.107 2733
1065 215.110 3133
1066 215.114 3969
1067 215.118 5530
1068 215.121 7930
1069 215.125 11576
1070 215.129 16208
1071 215.133 21356
1072 215.136 26376
1073 215.140 30308
1074 215.144 32595
1075 215.147 33106
1076 215.151 31866
1077 215.155 29787
1078 215.158 27165
1079 215.162 24252
1080 215.166 21585
1081 215.170 19216
1082 215.173 17362
1083 215.177 16441
1084 215.181 16508
1085 215.184 17694
1086 215.188 20566
1087 215.192 25294
1088 215.195 32119
1089 215.199 40543
1090 215.203 48975
1091 215.207 56021
1092 215.210 60296
1093 215.214 61342
1094 215.218 58767
1095 215.221 53947
1096 215.225 47740
1097 215.229 40888
1098 215.232 34569
1099 215.236 28919
1100 215.240 24025
1101 215.244 19986
1102 215.247 16905
1103 215.251 14378
1104 215.255 12389
1105 215.258 10700
1106 215.262 9290
1107 215.266 8243
1108 215.269 7410
1109 215.273 6929
1110 215.277 6534
1111 215.281 6152
1112 215.284 5597
1113 215.288 5239
1114 215.292 5004
1115 215.295 4806
1116 215.299 4652
1117 215.303 4499
1118 215.307 4304
1119 215.310 4232
1120 215.314 4101
1121 215.318 4112
1122 215.321 4044
1123 215.325 3978
1124 215.329 3920
1125 215.333 4046
1126 215.336 3975
1127 215.340 3917
1128 215.344 3963
1129 215.347 4018
1130 215.351 4082
1131 215.355 4035
1132 215.358 4093
1133 215.362 4231
1134 215.366 4338
1135 215.370 4465
1136 215.373 4647
1137 215.377 4716
1138 215.381 4892
1139 215.384 5008
1140 215.388 5159
1141 215.392 5469
1142 215.396 5762
1143 215.399 6199
1144 215.403 6546
1145 215.407 6992
1146 215.410 7584
1147 215.414 8249
1148 215.418 9025
1149 215.422 9721
1150 215.425 10380
1151 215.429 11242
1152 215.433 12755
1153 215.436 14933
1154 215.440 18003
1155 215.444 22580
1156 215.448 29442
1157 215.451 38819
1158 215.455 50804
1159 215.459 65739
1160 215.462 82241
1161 215.466 99309
1162 215.470 114447
1163 215.474 126094
1164 215.477 132317
1165 215.481 133086
1166 215.485 128560
1167 215.488 120233
1168 215.492 109211
1169 215.496 97394
1170 215.500 85617
1171 215.503 75121
1172 215.507 66499
1173 215.511 59830
1174 215.515 55155
1175 215.518 52730
1176 215.522 52889
1177 215.526 56248
1178 215.529 62760
1179 215.533 73179
1180 215.537 87768
1181 215.541 106382
1182 215.544 127185
1183 215.548 147844
1184 215.552 164268
1185 215.555 173759
1186 215.559 176317
1187 215.563 173676
1188 215.567 167384
1189 215.570 159152
1190 215.574 148311
1191 215.578 134633
1192 215.582 119246
1193 215.585 104171
1194 215.589 90307
1195 215.593 78873
1196 215.596 69947
1197 215.600 63521
1198 215.604 59562
1199 215.608 58260
1200 215.611 59749
1201 215.615 64475
1202 215.619 73048
1203 215.623 85426
1204 215.626 101266
1205 215.630 119630
1206 215.634 138297
1207 215.637 155153
1208 215.641 167108
1209 215.645 172837
1210 215.649 171872
1211 215.652 165082
1212 215.656 153337
1213 215.660 139493
1214 215.664 124418
1215 215.667 109343
1216 215.671 94199
1217 215.675 79826
1218 215.678 67191
1219 215.682 56520
1220 215.686 47650
1221 215.690 40510
1222 215.693 35015
1223 215.697 30731
1224 215.701 26984
1225 215.705 23951
1226 215.708 21453
1227 215.712 19375
1228 215.716 17797
1229 215.720 16395
1230 215.723 15219
1231 215.727 14210
1232 215.731 13253
1233 215.734 12402
1234 215.738 11719
1235 215.742 11271
1236 215.746 10802
1237 215.749 10337
1238 215.753 9909
1239 215.757 9561
1240 215.761 9322
1241 215.764 9037
1242 215.768 8832
1243 215.772 8772
1244 215.776 8732
1245 215.779 8562
1246 215.783 8381
1247 215.787 8250
1248 215.790 8250
1249 215.794 8211
1250 215.798 8121
1251 215.802 8048
1252 215.805 8034
1253 215.809 7989
1254 215.813 8075
1255 215.817 8078
1256 215.820 8137
1257 215.824 8170
1258 215.828 8372
1259 215.832 8556
1260 215.835 8688
1261 215.839 8759
1262 215.843 8933
1263 215.847 9271
1264 215.850 9558
1265 215.854 9932
1266 215.858 10270
1267 215.862 10613
1268 215.865 10919
1269 215.869 11499
1270 215.873 12113
1271 215.877 12595
1272 215.880 13147
1273 215.884 13858
1274 215.888 14650
1275 215.891 15504
1276 215.895 16638
1277 215.899 18121
1278 215.903 19726
1279 215.906 21773
1280 215.910 24039
1281 215.914 26869
1282 215.918 30355
1283 215.921 34783
1284 215.925 40405
1285 215.929 47931
1286 215.933 57887
1287 215.936 70712
1288 215.940 86654
1289 215.944 106657
1290 215.948 129472
1291 215.951 154027
1292 215.955 177963
1293 215.959 199195
1294 215.963 215319
1295 215.966 224887
1296 215.970 226905
1297 215.974 222129
1298 215.978 211131
1299 215.981 196414
1300 215.985 179391
1301 215.989 161981
1302 215.993 144991
1303 215.996 129394
1304 216.000 115513
1305 216.004 103716
1306 216.008 93932
1307 216.011 86380
1308 216.015 81148
1309 216.019 78447
1310 216.023 78017
1311 216.026 80144
1312 216.030 84946
1313 216.034 93344
1314 216.038 105620
1315 216.041 121916
1316 216.045 141701
1317 216.049 164327
1318 216.053 188407
1319 216.056 212444
1320 216.060 233643
1321 216.064 250711
1322 216.068 261159
1323 216.071 265357
1324 216.075 262484
1325 216.079 253796
1326 216.083 239851
1327 216.087 222979
1328 216.090 204322
1329 216.094 185375
1330 216.098 166783
1331 216.102 149389
1332 216.105 133526
1333 216.109 119672
1334 216.113 108091
1335 216.117 98737
1336 216.120 91345
1337 216.124 86313
1338 216.128 83501
1339 216.132 82913
1340 216.135 84938
1341 216.139 89844
1342 216.143 97727
1343 216.147 109013
1344 216.150 123920
1345 216.154 141800
1346 216.158 161631
1347 216.162 182757
1348 216.165 202782
1349 216.169 220351
1350 216.173 233196
1351 216.177 240194
1352 216.180 240902
1353 216.184 236025
1354 216.188 225758
1355 216.192 211916
1356 216.196 195140
1357 216.199 177152
1358 216.203 158706
1359 216.207 141078
1360 216.211 124251
1361 216.214 109367
1362 216.218 95861
1363 216.222 83709
1364 216.226 73313
1365 216.229 64322
1366 216.233 56541
1367 216.237 49915
1368 216.241 44276
1369 216.244 39804
1370 216.248 35867
1371 216.252 32580
1372 216.256 29650
1373 216.260 27235
1374 216.263 25236
1375 216.267 23323
1376 216.271 21841
1377 216.275 20546
1378 216.278 19407
1379 216.282 18432
1380 216.286 17534
1381 216.290 16813
1382 216.293 16050
1383 216.297 15418
1384 216.301 14799
1385 216.305 14201
1386 216.309 13667
1387 216.312 13313
1388 216.316 13049
1389 216.320 12634
1390 216.324 12288
1391 216.327 12022
1392 216.331 11755
1393 216.335 11446
1394 216.339 11224
1395 216.343 11215
1396 216.346 11062
1397 216.350 10907
1398 216.354 10821
1399 216.358 10815
1400 216.361 10702
1401 216.365 10637
1402 216.369 10427
1403 216.373 10367
1404 216.376 10397
1405 216.380 10405
1406 216.384 10401
1407 216.388 10398
1408 216.392 10279
1409 216.395 10471
1410 216.399 10604
1411 216.403 10498
1412 216.407 10495
1413 216.410 10497
1414 216.414 10634
1415 216.418 10767
1416 216.422 10862
1417 216.426 10939
1418 216.429 11115
1419 216.433 11420
1420 216.437 11595
1421 216.441 11704
1422 216.444 11964
1423 216.448 12186
1424 216.452 12426
1425 216.456 12635
1426 216.460 12820
1427 216.463 13086
1428 216.467 13423
1429 216.471 13712
1430 216.475 14209
1431 216.478 14733
1432 216.482 15347
1433 216.486 15848
1434 216.490 16379
1435 216.494 17057
1436 216.497 17859
1437 216.501 18806
1438 216.505 19889
1439 216.509 20883
1440 216.513 21952
1441 216.516 23148
1442 216.520 24652
1443 216.524 26452
1444 216.528 28356
1445 216.531 30513
1446 216.535 33110
1447 216.539 36289
1448 216.543 39875
1449 216.547 44058
1450 216.550 49101
1451 216.554 55353
1452 216.558 62697
1453 216.562 71717
1454 216.566 82719
1455 216.569 95598
1456 216.573 110552
1457 216.577 127550
1458 216.581 146398
1459 216.584 166742
1460 216.588 187433
1461 216.592 207950
1462 216.596 226961
1463 216.600 244246
1464 216.603 257599
1465 216.607 267268
1466 216.611 272034
1467 216.615 272104
1468 216.619 267375
1469 216.622 258645
1470 216.626 245978
1471 216.630 230651
1472 216.634 213916
1473 216.638 196807
1474 216.641 179237
1475 216.645 162525
1476 216.649 147443
1477 216.653 133746
1478 216.656 122057
1479 216.660 112337
1480 216.664 104242
1481 216.668 97876
1482 216.672 93134
1483 216.675 90075
1484 216.679 88364
1485 216.683 88194
1486 216.687 89441
1487 216.691 92226
1488 216.694 96640
1489 216.698 102981
1490 216.702 111242
1491 216.706 121511
1492 216.710 134067
1493 216.713 149379
1494 216.717 166882
1495 216.721 186589
1496 216.725 208184
1497 216.729 231455
1498 216.732 255706
1499 216.736 280240
1500 216.740 303654
1501 216.744 325597
1502 216.748 343296
1503 216.751 358139
1504 216.755 366444
1505 216.759 366263
1506 216.763 366050
1507 216.767 366221
1508 216.770 358731
1509 216.774 344683
1510 216.778 326441
1511 216.782 305942
1512 216.786 283672
1513 216.789 260874
1514 216.793 237915
1515 216.797 216067
1516 216.801 195873
1517 216.805 177208
1518 216.808 160463
1519 216.812 146164
1520 216.816 133487
1521 216.820 123048
1522 216.824 114277
1523 216.827 107356
1524 216.831 101822
1525 216.835 97657
1526 216.839 94902
1527 216.843 93570
1528 216.846 93477
1529 216.850 94812
1530 216.854 97476
1531 216.858 101572
1532 216.862 106967
1533 216.865 114170
1534 216.869 123152
1535 216.873 133938
1536 216.877 146316
1537 216.881 160465
1538 216.885 175726
1539 216.888 192413
1540 216.892 209663
1541 216.896 227207
1542 216.900 243979
1543 216.904 259801
1544 216.907 273571
1545 216.911 284869
1546 216.915 293109
1547 216.919 298373
1548 216.923 299893
1549 216.926 298332
1550 216.930 293457
1551 216.934 285676
1552 216.938 274390
1553 216.942 260480
1554 216.945 245013
1555 216.949 228748
1556 216.953 212128
1557 216.957 195983
1558 216.961 179934
1559 216.965 164274
1560 216.968 148888
1561 216.972 134089
1562 216.976 120687
1563 216.980 108816
1564 216.984 97794
1565 216.987 87973
1566 216.991 79436
1567 216.995 71884
1568 216.999 65530
1569 217.003 60152
1570 217.006 55303
1571 217.010 50827
1572 217.014 47044
1573 217.018 43913
1574 217.022 41181
1575 217.026 39004
1576 217.029 37079
1577 217.033 35146
1578 217.037 33329
1579 217.041 31788
1580 217.045 30428
1581 217.048 29073
1582 217.052 27875
1583 217.056 26636
1584 217.060 25641
1585 217.064 24659
1586 217.068 23721
1587 217.071 22908
1588 217.075 22161
1589 217.079 21480
1590 217.083 20819
1591 217.087 20227
1592 217.090 19556
1593 217.094 19091
1594 217.098 18630
1595 217.102 18252
1596 217.106 17801
1597 217.110 17365
1598 217.113 16872
1599 217.117 16423
1600 217.121 16109
1601 217.125 15834
1602 217.129 15486
1603 217.133 15277
1604 217.136 15144
1605 217.140 14926
1606 217.144 14649
1607 217.148 14426
1608 217.152 14296
1609 217.155 14107
1610 217.159 13820
1611 217.163 13772
1612 217.167 13502
1613 217.171 13366
1614 217.175 13280
1615 217.178 13168
1616 217.182 12892
1617 217.186 12797
1618 217.190 12670
1619 217.194 12548
1620 217.198 12450
1621 217.201 12345
1622 217.205 12305
1623 217.209 12284
1624 217.213 12179
1625 217.217 12055
1626 217.221 11894
1627 217.224 11914
1628 217.228 11933
1629 217.232 11866
1630 217.236 11840
1631 217.240 11719
1632 217.244 11640
1633 217.247 11567
1634 217.251 11566
1635 217.255 11512
1636 217.259 11508
1637 217.263 11717
1638 217.267 11731
1639 217.270 11638
1640 217.274 11487
1641 217.278 11530
1642 217.282 11492
1643 217.286 11452
1644 217.290 11396
1645 217.293 11297
1646 217.297 11279
1647 217.301 11366
1648 217.305 11368
1649 217.309 11362
1650 217.313 11390
1651 217.316 11407
1652 217.320 11472
1653 217.324 11604
1654 217.328 11714
1655 217.332 11835
1656 217.336 11903
1657 217.339 11921
1658 217.343 11911
1659 217.347 11891
1660 217.351 11937
1661 217.355 11877
1662 217.359 11980
1663 217.362 12304
1664 217.366 12466
1665 217.370 12508
1666 217.374 12514
1667 217.378 12406
1668 217.382 12425
1669 217.385 12486
1670 217.389 12611
1671 217.393 12736
1672 217.397 12909
1673 217.401 13053
1674 217.405 13166
1675 217.409 13315
1676 217.412 13524
1677 217.416 13641
1678 217.420 13770
1679 217.424 13889
1680 217.428 14100
1681 217.432 14337
1682 217.435 14525
1683 217.439 14729
1684 217.443 15011
1685 217.447 15110
1686 217.451 15028
1687 217.455 15051
1688 217.458 14997
1689 217.462 14867
1690 217.466 15075
1691 217.470 15326
1692 217.474 15567
1693 217.478 15969
1694 217.482 16366
1695 217.485 16908
1696 217.489 17478
1697 217.493 17955
1698 217.497 18505
1699 217.501 18936
1700 217.505 19324
1701 217.508 19683
1702 217.512 20105
1703 217.516 20607
1704 217.520 20981
1705 217.524 21458
1706 217.528 21854
1707 217.532 22298
1708 217.535 22848
1709 217.539 23410
1710 217.543 23896
1711 217.547 24525
1712 217.551 25135
1713 217.555 25660
1714 217.559 26211
1715 217.562 27010
1716 217.566 27796
1717 217.570 28627
1718 217.574 29396
1719 217.578 30271
1720 217.582 31221
1721 217.586 32373
1722 217.589 33547
1723 217.593 34750
1724 217.597 35939
1725 217.601 37205
1726 217.605 38520
1727 217.609 40011
1728 217.612 41564
1729 217.616 43250
1730 217.620 44912
1731 217.624 46776
1732 217.628 48772
1733 217.632 50901
1734 217.636 52939
1735 217.639 55229
1736 217.643 57758
1737 217.647 60474
1738 217.651 63238
1739 217.655 66336
1740 217.659 69635
1741 217.663 73096
1742 217.666 76543
1743 217.670 80391
1744 217.674 84366
1745 217.678 88698
1746 217.682 93080
1747 217.686 97761
1748 217.690 102600
1749 217.693 107622
1750 217.697 112562
1751 217.701 117777
1752 217.705 123409
1753 217.709 129157
1754 217.713 134901
1755 217.717 140874
1756 217.721 146879
1757 217.724 153157
1758 217.728 159500
1759 217.732 165792
1760 217.736 171911
1761 217.740 178392
1762 217.744 184681
1763 217.748 191084
1764 217.751 197183
1765 217.755 203604
1766 217.759 209746
1767 217.763 215810
1768 217.767 221734
1769 217.771 227837
1770 217.775 233521
1771 217.778 239124
1772 217.782 244543
1773 217.786 249826
1774 217.790 254513
1775 217.794 259577
1776 217.798 264221
1777 217.802 268731
1778 217.806 272572
1779 217.809 276362
1780 217.813 279575
1781 217.817 282767
1782 217.821 285244
1783 217.825 287818
1784 217.829 290053
1785 217.833 292243
1786 217.837 293593
1787 217.840 295228
1788 217.844 296427
1789 217.848 297628
1790 217.852 298338
1791 217.856 299021
1792 217.860 299224
1793 217.864 299282
1794 217.867 299199
1795 217.871 298975
1796 217.875 298217
1797 217.879 297146
1798 217.883 295591
1799 217.887 294572
1800 217.891 292715
1801 217.895 290390
1802 217.898 287865
1803 217.902 285378
1804 217.906 282700
1805 217.910 280128
1806 217.914 276605
1807 217.918 273048
1808 217.922 269200
1809 217.926 265520
1810 217.929 261607
1811 217.933 257745
1812 217.937 253550
1813 217.941 249525
1814 217.945 245023
1815 217.949 241147
1816 217.953 237210
1817 217.957 232941
1818 217.960 228626
1819 217.964 224342
1820 217.968 219951
1821 217.972 215716
1822 217.976 211484
1823 217.980 207209
1824 217.984 203229
1825 217.988 199289
1826 217.992 194989
1827 217.995 190891
1828 217.999 187097
1829 218.003 183420
1830 218.007 179538
1831 218.011 176122
1832 218.015 172644
1833 218.019 169447
1834 218.023 166221
1835 218.026 163197
1836 218.030 159897
1837 218.034 156763
1838 218.038 154002
1839 218.042 151481
1840 218.046 148742
1841 218.050 146130
1842 218.054 143419
1843 218.058 140902
1844 218.061 138646
1845 218.065 136065
1846 218.069 133630
1847 218.073 131471
1848 218.077 129485
1849 218.081 127488
1850 218.085 125465
1851 218.089 123751
1852 218.093 122203
1853 218.096 120719
1854 218.100 119325
1855 218.104 117838
1856 218.108 116430
1857 218.112 115241
1858 218.116 113985
1859 218.120 112866
1860 218.124 111739
1861 218.127 110631
1862 218.131 109404
1863 218.135 108405
1864 218.139 107437
1865 218.143 106467
1866 218.147 105292
1867 218.151 104248
1868 218.155 103213
1869 218.159 102445
1870 218.163 101721
1871 218.166 101066
1872 218.170 100228
1873 218.174 99323
1874 218.178 98538
1875 218.182 97772
1876 218.186 97250
1877 218.190 96687
1878 218.194 96096
1879 218.198 95852
1880 218.201 95414
1881 218.205 95041
1882 218.209 94505
1883 218.213 93835
1884 218.217 93157
1885 218.221 92582
1886 218.225 91931
1887 218.229 91315
1888 218.233 90806
1889 218.237 90467
1890 218.240 89971
1891 218.244 89827
1892 218.248 89757
1893 218.252 89790
1894 218.256 89780
1895 218.260 89700
1896 218.264 89510
1897 218.268 89287
1898 218.272 89039
1899 218.275 88936
1900 218.279 88681
1901 218.283 88670
1902 218.287 88642
1903 218.291 88612
1904 218.295 88544
1905 218.299 88592
1906 218.303 88702
1907 218.307 88716
1908 218.311 88660
1909 218.314 88664
1910 218.318 88611
1911 218.322 88554
1912 218.326 88474
1913 218.330 88623
1914 218.334 88738
1915 218.338 88817
1916 218.342 88790
1917 218.346 88935
1918 218.350 89134
1919 218.354 89295
1920 218.357 89289
1921 218.361 89478
1922 218.365 89637
1923 218.369 89892
1924 218.373 90063
1925 218.377 90146
1926 218.381 90340
1927 218.385 90584
1928 218.389 90555
1929 218.393 90641
1930 218.396 90753
1931 218.400 90941
1932 218.404 91129
1933 218.408 91357
1934 218.412 91368
1935 218.416 91461
1936 218.420 91645
1937 218.424 91962
1938 218.428 92118
1939 218.432 92368
1940 218.436 92718
1941 218.439 93048
1942 218.443 93377
1943 218.447 93728
1944 218.451 94196
1945 218.455 94597
1946 218.459 94975
1947 218.463 95422
1948 218.467 95796
1949 218.471 96244
1950 218.475 96516
1951 218.479 96964
1952 218.483 97385
1953 218.486 97753
1954 218.490 98116
1955 218.494 98422
1956 218.498 98766
1957 218.502 99206
1958 218.506 99596
1959 218.510 100146
1960 218.514 100730
1961 218.518 101380
1962 218.522 102193
1963 218.526 103070
1964 218.529 103715
1965 218.533 104784
1966 218.537 105614
1967 218.541 106535
1968 218.545 107577
1969 218.549 108844
1970 218.553 110196
1971 218.557 111591
1972 218.561 112755
1973 218.565 114155
1974 218.569 115644
1975 218.573 117247
1976 218.576 118850
1977 218.580 120318
1978 218.584 121841
1979 218.588 123535
1980 218.592 125086
1981 218.596 126705
1982 218.600 128423
1983 218.604 130505
1984 218.608 132961
1985 218.612 135642
1986 218.616 138636
1987 218.620 141707
1988 218.624 144496
1989 218.627 147342
1990 218.631 150417
1991 218.635 153701
1992 218.639 156973
1993 218.643 160218
1994 218.647 163736
1995 218.651 167518
1996 218.655 171298
1997 218.659 175238
1998 218.663 179373
1999 218.667 183532
2000 218.671 187763
2001 218.675 192260
2002 218.678 196779
2003 218.682 201668
2004 218.686 206405
2005 218.690 211210
2006 218.694 216229
2007 218.698 221721
2008 218.702 227164
2009 218.706 232783
2010 218.710 238232
2011 218.714 243772
2012 218.718 249191
2013 218.722 255030
2014 218.726 260565
2015 218.730 265821
2016 218.733 270890
2017 218.737 276425
2018 218.741 281188
2019 218.745 286382
2020 218.749 290935
2021 218.753 295201
2022 218.757 299008
2023 218.761 303044
2024 218.765 306159
2025 218.769 308966
2026 218.773 311385
2027 218.777 313544
2028 218.781 315152
2029 218.785 316501
2030 218.789 317321
2031 218.792 318128
2032 218.796 318361
2033 218.800 318302
2034 218.804 317408
2035 218.808 316348
2036 218.812 314119
2037 218.816 311658
2038 218.820 308406
2039 218.824 304988
2040 218.828 300758
2041 218.832 296313
2042 218.836 291161
2043 218.840 285876
2044 218.844 280043
2045 218.848 274034
2046 218.851 267588
2047 218.855 260953
2048 218.859 253710
2049 218.863 246303
2050 218.867 238642
2051 218.871 230829
2052 218.875 222645
2053 218.879 214709
2054 218.883 206702
2055 218.887 198505
2056 218.891 189938
2057 218.895 181831
2058 218.899 173716
2059 218.903 165689
2060 218.907 157967
2061 218.911 150615
2062 218.915 142821
2063 218.918 135915
2064 218.922 129331
2065 218.926 123088
2066 218.930 117051
2067 218.934 111149
2068 218.938 105303
2069 218.942 99991
2070 218.946 95039
2071 218.950 90219
2072 218.954 85594
2073 218.958 81317
2074 218.962 77166
2075 218.966 73372
2076 218.970 69949
2077 218.974 66937
2078 218.978 64093
2079 218.982 61438
2080 218.986 58784
2081 218.989 56115
2082 218.993 53708
2083 218.997 51564
2084 219.001 49309
2085 219.005 47311
2086 219.009 45478
2087 219.013 43781
2088 219.017 42114
2089 219.021 40694
2090 219.025 39229
2091 219.029 37808
2092 219.033 36596
2093 219.037 35370
2094 219.041 34113
2095 219.045 33050
2096 219.049 32060
2097 219.053 31167
2098 219.057 30162
2099 219.061 29207
2100 219.065 28305
2101 219.068 27409
2102 219.072 26518
2103 219.076 25757
2104 219.080 25154
2105 219.084 24498
2106 219.088 23797
2107 219.092 23242
2108 219.096 22644
2109 219.100 22191
2110 219.104 21671
2111 219.108 21210
2112 219.112 20751
2113 219.116 20280
2114 219.120 19820
2115 219.124 19325
2116 219.128 18907
2117 219.132 18590
2118 219.136 18253
2119 219.140 17914
2120 219.144 17590
2121 219.148 17242
2122 219.152 16864
2123 219.155 16548
2124 219.159 16208
2125 219.163 15895
2126 219.167 15699
2127 219.171 15455
2128 219.175 15186
2129 219.179 14913
2130 219.183 14644
2131 219.187 14425
2132 219.191 14130
2133 219.195 14027
2134 219.199 13748
2135 219.203 13587
2136 219.207 13255
2137 219.211 12946
2138 219.215 12692
2139 219.219 12499
2140 219.223 12200
2141 219.227 12056
2142 219.231 11962
2143 219.235 11922
2144 219.239 11827
2145 219.243 11744
2146 219.247 11660
2147 219.251 11530
2148 219.255 11429
2149 219.259 11335
2150 219.262 11203
2151 219.266 11127
2152 219.270 10923
2153 219.274 10789
2154 219.278 10642
2155 219.282 10529
2156 219.286 10510
2157 219.290 10461
2158 219.294 10345
2159 219.298 10178
2160 219.302 10144
2161 219.306 10033
2162 219.310 9985
2163 219.314 9933
2164 219.318 9902
2165 219.322 9947
2166 219.326 9831
2167 219.330 9669
2168 219.334 9587
2169 219.338 9553
2170 219.342 9516
2171 219.346 9489
2172 219.350 9379
2173 219.354 9354
2174 219.358 9276
2175 219.362 9164
2176 219.366 9204
2177 219.370 9304
2178 219.374 9297
2179 219.378 9238
2180 219.382 9092
2181 219.386 8943
2182 219.390 8869
2183 219.393 8921
2184 219.397 9017
2185 219.401 8988
2186 219.405 9000
2187 219.409 9007
2188 219.413 9187
2189 219.417 9194
2190 219.421 9186
2191 219.425 9155
2192 219.429 9162
2193 219.433 9225
2194 219.437 9312
2195 219.441 9240
2196 219.445 9358
2197 219.449 9353
2198 219.453 9348
2199 219.457 9335
2200 219.461 9404
2201 219.465 9562
2202 219.469 9519
2203 219.473 9518
2204 219.477 9465
2205 219.481 9409
2206 219.485 9416
2207 219.489 9449
2208 219.493 9474
2209 219.497 9436
2210 219.501 9499
2211 219.505 9620
2212 219.509 9893
2213 219.513 10145
2214 219.517 10386
2215 219.521 10661
2216 219.525 10835
2217 219.529 11113
2218 219.533 11360
2219 219.537 11568
2220 219.541 11867
2221 219.545 12142
2222 219.549 12403
2223 219.553 12539
2224 219.557 12630
2225 219.561 12823
2226 219.565 13031
2227 219.569 13228
2228 219.573 13534
2229 219.577 13822
2230 219.581 14120
2231 219.585 14465
2232 219.589 14844
2233 219.593 15332
2234 219.597 15697
2235 219.601 16173
2236 219.605 16740
2237 219.609 17186
2238 219.612 17702
2239 219.616 18327
2240 219.620 19068
2241 219.624 19903
2242 219.628 20691
2243 219.632 21455
2244 219.636 22253
2245 219.640 23143
2246 219.644 24192
2247 219.648 25451
2248 219.652 26728
2249 219.656 28146
2250 219.660 29803
2251 219.664 31732
2252 219.668 33813
2253 219.672 36226
2254 219.676 39108
2255 219.680 42074
2256 219.684 45175
2257 219.688 48572
2258 219.692 52763
2259 219.696 57772
2260 219.700 63538
2261 219.704 70240
2262 219.708 78320
2263 219.712 88010
2264 219.716 99573
2265 219.720 112921
2266 219.724 127993
2267 219.728 144384
2268 219.732 161262
2269 219.736 178584
2270 219.740 196281
2271 219.744 213699
2272 219.748 229516
2273 219.752 243445
2274 219.756 254398
2275 219.760 262351
2276 219.764 266191
2277 219.768 266296
2278 219.772 262472
2279 219.776 255141
2280 219.780 243974
2281 219.784 230577
2282 219.788 215322
2283 219.792 198866
2284 219.796 181720
2285 219.800 165211
2286 219.804 149623
2287 219.808 135134
2288 219.812 121648
2289 219.816 110213
2290 219.820 100174
2291 219.824 91947
2292 219.828 85047
2293 219.832 79650
2294 219.836 75391
2295 219.840 72198
2296 219.844 69844
2297 219.848 68272
2298 219.852 67473
2299 219.856 67518
2300 219.860 68411
2301 219.864 70188
2302 219.868 72711
2303 219.872 76536
2304 219.876 81508
2305 219.880 87951
2306 219.884 95922
2307 219.888 105820
2308 219.892 117493
2309 219.896 131211
2310 219.900 146327
2311 219.904 163111
2312 219.908 181402
2313 219.912 201024
2314 219.916 220833
2315 219.920 240446
2316 219.925 258515
2317 219.929 274331
2318 219.933 286599
2319 219.937 294942
2320 219.941 298197
2321 219.945 296618
2322 219.949 289762
2323 219.953 278637
2324 219.957 263298
2325 219.961 245463
2326 219.965 225343
2327 219.969 204315
2328 219.973 183575
2329 219.977 163742
2330 219.981 145201
2331 219.985 128924
2332 219.989 114713
2333 219.993 102887
2334 219.997 92822
2335 220.001 84513
2336 220.005 77805
2337 220.009 72629
2338 220.013 68675
2339 220.017 65800
2340 220.021 63821
2341 220.025 62946
2342 220.029 62812
2343 220.033 63894
2344 220.037 65839
2345 220.041 68798
2346 220.045 73153
2347 220.049 79031
2348 220.053 86387
2349 220.057 95563
2350 220.061 106475
2351 220.065 119438
2352 220.069 134211
2353 220.073 150547
2354 220.077 167681
2355 220.081 184831
2356 220.085 200722
2357 220.089 214328
2358 220.093 224232
2359 220.097 230010
2360 220.101 230497
2361 220.105 225990
2362 220.109 216769
2363 220.113 203847
2364 220.117 187638
2365 220.121 169791
2366 220.125 151138
2367 220.129 133076
2368 220.133 115859
2369 220.137 100508
2370 220.141 87120
2371 220.146 75579
2372 220.150 65617
2373 220.154 57388
2374 220.158 50519
2375 220.162 44468
2376 220.166 39748
2377 220.170 35860
2378 220.174 32412
2379 220.178 29426
2380 220.182 26954
2381 220.186 24841
2382 220.190 22950
2383 220.194 21324
2384 220.198 20000
2385 220.202 18921
2386 220.206 17819
2387 220.210 16711
2388 220.214 15536
2389 220.218 14197
2390 220.222 12957
2391 220.226 11548
2392 220.230 10393
2393 220.234 9600
2394 220.238 9027
2395 220.242 8768
2396 220.246 8893
2397 220.250 9113
2398 220.254 9336
2399 220.258 9507
2400 220.262 9508
2401 220.266 9525
2402 220.270 9578
2403 220.274 9455
2404 220.279 9417
2405 220.283 9191
2406 220.287 8873
2407 220.291 8657
2408 220.295 8547
2409 220.299 8487
2410 220.303 8342
2411 220.307 8275
2412 220.311 8254
2413 220.315 8116
2414 220.319 7980
2415 220.323 7850
2416 220.327 7786
2417 220.331 7718
2418 220.335 7607
2419 220.339 7639
2420 220.343 7669
2421 220.347 7623
2422 220.351 7546
2423 220.355 7563
2424 220.359 7637
2425 220.363 7691
2426 220.367 7805
2427 220.371 7752
2428 220.375 7741
2429 220.379 7849
2430 220.384 7936
2431 220.388 8097
2432 220.392 8249
2433 220.396 8459
2434 220.400 8514
2435 220.404 8628
2436 220.408 8804
2437 220.412 8985
2438 220.416 9188
2439 220.420 9483
2440 220.424 9761
2441 220.428 9945
2442 220.432 10204
2443 220.436 10514
2444 220.440 10855
2445 220.444 11369
2446 220.448 11845
2447 220.452 12297
2448 220.456 12838
2449 220.460 13463
2450 220.464 14073
2451 220.468 14765
2452 220.473 15619
2453 220.477 16479
2454 220.481 17655
2455 220.485 19029
2456 220.489 20487
2457 220.493 22245
2458 220.497 24290
2459 220.501 26820
2460 220.505 29828
2461 220.509 33344
2462 220.513 37630
2463 220.517 43170
2464 220.521 49590
2465 220.525 57362
2466 220.529 66972
2467 220.533 78443
2468 220.537 91719
2469 220.541 106573
2470 220.545 122916
2471 220.550 139912
2472 220.554 155721
2473 220.558 169305
2474 220.562 178964
2475 220.566 183504
2476 220.570 181904
2477 220.574 174840
2478 220.578 162871
2479 220.582 148081
2480 220.586 131586
2481 220.590 115428
2482 220.594 100533
2483 220.598 87472
2484 220.602 76588
2485 220.606 67977
2486 220.610 61414
2487 220.614 56929
2488 220.618 54226
2489 220.623 53212
2490 220.627 53760
2491 220.631 55719
2492 220.635 59119
2493 220.639 64323
2494 220.643 71330
2495 220.647 80735
2496 220.651 92250
2497 220.655 105982
2498 220.659 121609
2499 220.663 138662
2500 220.667 155888
2501 220.671 171925
2502 220.675 184693
2503 220.679 193707
2504 220.683 196720
2505 220.688 193712
2506 220.692 184948
2507 220.696 171636
2508 220.700 154779
2509 220.704 136708
2510 220.708 118301
2511 220.712 101466
2512 220.716 86809
2513 220.720 74747
2514 220.724 65143
2515 220.728 58003
2516 220.732 52716
2517 220.736 49192
2518 220.740 47584
2519 220.744 47416
2520 220.748 48546
2521 220.753 51429
2522 220.757 55644
2523 220.761 61746
2524 220.765 69567
2525 220.769 79358
2526 220.773 90669
2527 220.777 103298
2528 220.781 116081
2529 220.785 127799
2530 220.789 136852
2531 220.793 142386
2532 220.797 143421
2533 220.801 139535
2534 220.805 130940
2535 220.810 118873
2536 220.814 103924
2537 220.818 88481
2538 220.822 73734
2539 220.826 60703
2540 220.830 49976
2541 220.834 41552
2542 220.838 34912
2543 220.842 29790
2544 220.846 25464
2545 220.850 22309
2546 220.854 19762
2547 220.858 17418
2548 220.862 15455
2549 220.867 14058
2550 220.871 12817
2551 220.875 11657
2552 220.879 10701
2553 220.883 9957
2554 220.887 9290
2555 220.891 8627
2556 220.895 8198
2557 220.899 7884
2558 220.903 7559
2559 220.907 7317
2560 220.911 6892
2561 220.916 6446
2562 220.920 6118
2563 220.924 5944
2564 220.928 5854
2565 220.932 5676
2566 220.936 5594
2567 220.940 5548
2568 220.944 5533
2569 220.948 5303
2570 220.952 5157
2571 220.956 5037
2572 220.960 4949
2573 220.964 4914
2574 220.969 5005
2575 220.973 4928
2576 220.977 4752
2577 220.981 4722
2578 220.985 4856
2579 220.989 4839
2580 220.993 4856
2581 220.997 4919
2582 221.001 4921
2583 221.005 4889
2584 221.009 4896
2585 221.013 5048
2586 221.018 5122
2587 221.022 5213
2588 221.026 5339
2589 221.030 5424
2590 221.034 5697
2591 221.038 5866
2592 221.042 6006
2593 221.046 6164
2594 221.050 6353
2595 221.054 6632
2596 221.058 6886
2597 221.063 7346
2598 221.067 7835
2599 221.071 8286
2600 221.075 8902
2601 221.079 9640
2602 221.083 10340
2603 221.087 11143
2604 221.091 12334
2605 221.095 13827
2606 221.099 15573
2607 221.103 17880
2608 221.108 20582
2609 221.112 24077
2610 221.116 28522
2611 221.120 34020
2612 221.124 40675
2613 221.128 48675
2614 221.132 57797
2615 221.136 67634
2616 221.140 77367
2617 221.144 86436
2618 221.148 92903
2619 221.153 95708
2620 221.157 94336
2621 221.161 89611
2622 221.165 81822
2623 221.169 72601
2624 221.173 62852
2625 221.177 53977
2626 221.181 46140
2627 221.185 39944
2628 221.189 35792
2629 221.194 32999
2630 221.198 31528
2631 221.202 31392
2632 221.206 32728
2633 221.210 35372
2634 221.214 39290
2635 221.218 44586
2636 221.222 51381
2637 221.226 59478
2638 221.230 68261
2639 221.235 77241
2640 221.239 85539
2641 221.243 91964
2642 221.247 95033
2643 221.251 94834
2644 221.255 90788
2645 221.259 83789
2646 221.263 74470
2647 221.267 64352
2648 221.271 54319
2649 221.276 45626
2650 221.280 38277
2651 221.284 33105
2652 221.288 29307
2653 221.292 26914
2654 221.296 25866
2655 221.300 26210
2656 221.304 27466
2657 221.308 29973
2658 221.313 33594
2659 221.317 38419
2660 221.321 44165
2661 221.325 50613
2662 221.329 57317
2663 221.333 63329
2664 221.337 67345
2665 221.341 69164
2666 221.345 67828
2667 221.350 63442
2668 221.354 56780
2669 221.358 48935
2670 221.362 40470
2671 221.366 32831
2672 221.370 26520
2673 221.374 21308
2674 221.378 17195
2675 221.382 14147
2676 221.387 11853
2677 221.391 10135
2678 221.395 8755
2679 221.399 7712
2680 221.403 6750
2681 221.407 6079
2682 221.411 5587
2683 221.415 5171
2684 221.419 4720
2685 221.424 4329
2686 221.428 4000
2687 221.432 3738
2688 221.436 3519
2689 221.440 3303
2690 221.444 3134
2691 221.448 2912
2692 221.452 2714
2693 221.456 2583
2694 221.461 2537
2695 221.465 2439
2696 221.469 2439
2697 221.473 2470
2698 221.477 2442
2699 221.481 2387
2700 221.485 2399
2701 221.489 2388
2702 221.494 2378
2703 221.498 2361
2704 221.502 2311
2705 221.506 2319
2706 221.510 2325
2707 221.514 2217
2708 221.518 2129
2709 221.522 2346
2710 221.527 2432
2711 221.531 2291
2712 221.535 2147
2713 221.539 2240
2714 221.543 2245
2715 221.547 2382
2716 221.551 2659
2717 221.555 2839
2718 221.559 2860
2719 221.564 3069
2720 221.568 3288
2721 221.572 3491
2722 221.576 3766
2723 221.580 4053
2724 221.584 4412
2725 221.588 5018
2726 221.592 5693
2727 221.597 6298
2728 221.601 7163
2729 221.605 8440
2730 221.609 10045
2731 221.613 12194
2732 221.617 15136
2733 221.621 18957
2734 221.626 23368
2735 221.630 28164
2736 221.634 33004
2737 221.638 37373
2738 221.642 39574
2739 221.646 40358
2740 221.650 38833
2741 221.654 35598
2742 221.659 31237
2743 221.663 26544
2744 221.667 22273
2745 221.671 18812
2746 221.675 16109
2747 221.679 14415
2748 221.683 13801
2749 221.687 13852
2750 221.692 14703
2751 221.696 16281
2752 221.700 18694
2753 221.704 21997
2754 221.708 25917
2755 221.712 30306
2756 221.716 34548
2757 221.721 38066
2758 221.725 39933
2759 221.729 39964
2760 221.733 37911
2761 221.737 34348
2762 221.741 29587
2763 221.745 24727
2764 221.750 20326
2765 221.754 16894
2766 221.758 14167
2767 221.762 12389
2768 221.766 11451
2769 221.770 11079
2770 221.774 11334
2771 221.778 12536
2772 221.783 14274
2773 221.787 16574
2774 221.791 19334
2775 221.795 22468
2776 221.799 25425
2777 221.803 27543
2778 221.807 28244
2779 221.812 27376
2780 221.816 25200
2781 221.820 22048
2782 221.824 18290
2783 221.828 14717
2784 221.832 11638
2785 221.836 9162
2786 221.841 7163
2787 221.845 5776
2788 221.849 4570
2789 221.853 3854
2790 221.857 3381
2791 221.861 2882
2792 221.866 2424
2793 221.870 2139
2794 221.874 1955
2795 221.878 1816
2796 221.882 1588
2797 221.886 1443
2798 221.890 1347
2799 221.895 1249
2800 221.899 1081
2801 221.903 1007
2802 221.907 898
2803 221.911 815
2804 221.915 834
2805 221.919 772
2806 221.924 679
2807 221.928 658
2808 221.932 652
2809 221.936 582
2810 221.940 548
2811 221.944 537
2812 221.948 468
2813 221.953 412
2814 221.957 411
2815 221.961 435
2816 221.965 474
2817 221.969 441
2818 221.973 397
2819 221.978 343
2820 221.982 376
2821 221.986 385
2822 221.990 430
2823 221.994 540
2824 221.998 615
2825 222.002 572
2826 222.007 603
2827 222.011 541
2828 222.015 681
2829 222.019 731
2830 222.023 762
2831 222.027 862
2832 222.032 1121
2833 222.036 1312
2834 222.040 1731
2835 222.044 2163
2836 222.048 2468
2837 222.052 3172
2838 222.057 4114
2839 222.061 5273
2840 222.065 6416
2841 222.069 7407
2842 222.073 8195
2843 222.077 8590
2844 222.081 8385
2845 222.086 7854
2846 222.090 6855
2847 222.094 5714
2848 222.098 4540
2849 222.102 3635
2850 222.106 3026
2851 222.111 2548
2852 222.115 2389
2853 222.119 2321
2854 222.123 2335
2855 222.127 2549
2856 222.131 3077
2857 222.136 3620
2858 222.140 4200
2859 222.144 4874
2860 222.148 5351
2861 222.152 5534
2862 222.156 5395
2863 222.161 4862
2864 222.165 4171
2865 222.169 3469
2866 222.173 2786
2867 222.177 2160
2868 222.181 1724
2869 222.186 1389
2870 222.190 1103
2871 222.194 1123
2872 222.198 1238
2873 222.202 1412
2874 222.206 1666
2875 222.211 1909
2876 222.215 2198
2877 222.219 2666
2878 222.223 2823
2879 222.227 2748
2880 222.231 2509
2881 222.236 2307
2882 222.240 1974
2883 222.244 1408
2884 222.248 942
2885 222.252 575
2886 222.257 487
2887 222.261 309
2888 222.265 156
2889 222.269 25
2890 222.273 -168
2891 222.277 -254
2892 222.282 -289
2893 222.286 -219
2894 222.290 -196
2895 222.294 -295
2896 222.298 -310
2897 222.302 -384
2898 222.307 -364
2899 222.311 -369
2900 222.315 -404
2901 222.319 -502
2902 222.323 -404
2903 222.328 -413
2904 222.332 -301
2905 222.336 -283
2906 222.340 -347
2907 222.344 -416
2908 222.348 -488
2909 222.353 -491
2910 222.357 -465
2911 222.361 -449
2912 222.365 -505
2913 222.369 -472
2914 222.374 -427
2915 222.378 -484
2916 222.382 -392
2917 222.386 -346
2918 222.390 -426
2919 222.394 -437
2920 222.399 -324
2921 222.403 -277
2922 222.407 -387
2923 222.411 -438
2924 222.415 -345
2925 222.420 -321
2926 222.424 -303
2927 222.428 -385
2928 222.432 -428
2929 222.436 -352
2930 222.440 -346
2931 222.445 -319
2932 222.449 -214
2933 222.453 -53
2934 222.457 -23
2935 222.461 -92
2936 222.466 -191
2937 222.470 -168
2938 222.474 -232
2939 222.478 -316
2940 222.482 -368
2941 222.487 -384
2942 222.491 -479
2943 222.495 -520
2944 222.499 -508
2945 222.503 -451
2946 222.507 -410
2947 222.512 -368
2948 222.516 -271
2949 222.520 -218
2950 222.524 -253
2951 222.528 -146
2952 222.533 -193
2953 222.537 -181
2954 222.541 -130
2955 222.545 -42
2956 222.549 -145
2957 222.554 -234
2958 222.558 -306
2959 222.562 -355
2960 222.566 -426
2961 222.570 -508
2962 222.575 -363
2963 222.579 -326
2964 222.583 -339
2965 222.587 -424
2966 222.591 -435
2967 222.596 -434
2968 222.600 -493
2969 222.604 -508
2970 222.608 -501
2971 222.612 -530
2972 222.617 -490
2973 222.621 -511
2974 222.625 -538
2975 222.629 -515
2976 222.633 -570
2977 222.638 -461
2978 222.642 -411
2979 222.646 -473
2980 222.650 -598
2981 222.654 -579
2982 222.659 -600
2983 222.663 -523
2984 222.667 -515
2985 222.671 -539
2986 222.675 -493
2987 222.680 -530
2988 222.684 -599
2989 222.688 -579
2990 222.692 -455
2991 222.696 -417
2992 222.701 -408
2993 222.705 -494
2994 222.709 -559
2995 222.713 -577
2996 222.717 -503
2997 222.722 -467
2998 222.726 -624
2999 222.730 -572
3000 222.734 -489
3001 222.738 -519
3002 222.743 -546
3003 222.747 -472
3004 222.751 -495
3005 222.755 -555
3006 222.760 -595
3007 222.764 -656
3008 222.768 -649
3009 222.772 -664
3010 222.776 -666
3011 222.781 -609
3012 222.785 -603
3013 222.789 -669
3014 222.793 -646
3015 222.797 -632
3016 222.802 -539
3017 222.806 -554
3018 222.810 -500
3019 222.814 -518
3020 222.818 -605
3021 222.823 -541
3022 222.827 -493
3023 222.831 -597
3024 222.835 -567
3025 222.840 -448
3026 222.844 -496
3027 222.848 -424
3028 222.852 -430
3029 222.856 -428
3030 222.861 -417
3031 222.865 -411
3032 222.869 -417
3033 222.873 -448
3034 222.877 -439
3035 222.882 -537
3036 222.886 -536
3037 222.890 -523
3038 222.894 -475
3039 222.899 -440
3040 222.903 -482
3041 222.907 -476
3042 222.911 -458
3043 222.915 -504
3044 222.920 -544
3045 222.924 -565
3046 222.928 -543
3047 222.932 -568
3048 222.937 -534
3049 222.941 -438
3050 222.945 -412
3051 222.949 -445
3052 222.953 -512
3053 222.958 -467
3054 222.962 -448
3055 222.966 -318
3056 222.970 -433
3057 222.975 -498
3058 222.979 -564
3059 222.983 -548
3060 222.987 -477
3061 222.991 -521
3062 222.996 -517
3063 223.000 -476
3064 223.004 -463
3065 223.008 -431
3066 223.013 -513
3067 223.017 -575
3068 223.021 -518
3069 223.025 -544
3070 223.030 -581
3071 223.034 -591
3072 223.038 -588
3073 223.042 -653
3074 223.046 -623
3075 223.051 -639
3076 223.055 -625
3077 223.059 -550
3078 223.063 -566
3079 223.068 -581
3080 223.072 -613
3081 223.076 -562
3082 223.080 -528
3083 223.085 -628
3084 223.089 -616
3085 223.093 -487
3086 223.097 -460
3087 223.101 -543
3088 223.106 -581
3089 223.110 -573
3090 223.114 -552
3091 223.118 -518
3092 223.123 -512
3093 223.127 -509
3094 223.131 -397
3095 223.135 -388
3096 223.140 -372
3097 223.144 -384
3098 223.148 -482
3099 223.152 -548
3100 223.157 -512
3101 223.161 -558
3102 223.165 -675
3103 223.169 -714
3104 223.173 -759
3105 223.178 -676
3106 223.182 -568
3107 223.186 -540
3108 223.190 -583
3109 223.195 -571
3110 223.199 -588
3111 223.203 -626
3112 223.207 -707
3113 223.212 -671
3114 223.216 -627
3115 223.220 -559
3116 223.224 -543
3117 223.229 -587
3118 223.233 -642
3119 223.237 -592
3120 223.241 -507
3121 223.246 -631
3122 223.250 -683
3123 223.254 -618
3124 223.258 -649
3125 223.263 -687
3126 223.267 -655
3127 223.271 -647
3128 223.275 -535
3129 223.280 -619
3130 223.284 -629
3131 223.288 -658
3132 223.292 -648
3133 223.297 -650
3134 223.301 -650
3135 223.305 -694
3136 223.309 -558
3137 223.314 -528
3138 223.318 -577
3139 223.322 -540
3140 223.326 -527
3141 223.331 -616
3142 223.335 -624
3143 223.339 -597
3144 223.343 -546
3145 223.348 -512
3146 223.352 -489
3147 223.356 -576
3148 223.360 -613
3149 223.365 -570
3150 223.369 -554
3151 223.373 -595
3152 223.377 -722
3153 223.382 -793
3154 223.386 -770
3155 223.390 -704
3156 223.394 -720
3157 223.399 -646
3158 223.403 -563
3159 223.407 -617
3160 223.411 -668
3161 223.416 -681
3162 223.420 -588
3163 223.424 -599
3164 223.428 -648
3165 223.433 -535
3166 223.437 -502
3167 223.441 -530
3168 223.445 -656
3169 223.450 -652
3170 223.454 -628
3171 223.458 -660
3172 223.462 -687
3173 223.467 -715
3174 223.471 -700
3175 223.475 -706
3176 223.479 -640
3177 223.484 -567
3178 223.488 -599
3179 223.492 -559
3180 223.497 -564
3181 223.501 -604
3182 223.505 -632
3183 223.509 -575
3184 223.514 -466
3185 223.518 -423
3186 223.522 -498
3187 223.526 -677
3188 223.531 -696
3189 223.535 -662
3190 223.539 -654
3191 223.543 -719
3192 223.548 -655
3193 223.552 -620
3194 223.556 -639
3195 223.561 -584
3196 223.565 -556
3197 223.569 -605
3198 223.573 -661
3199 223.578 -631
3200 223.582 -572
3201 223.586 -530
3202 223.590 -569
3203 223.595 -612
3204 223.599 -670
3205 223.603 -702
3206 223.607 -598
3207 223.612 -681
3208 223.616 -726
3209 223.620 -711
3210 223.625 -698
3211 223.629 -669
3212 223.633 -663
3213 223.637 -641
3214 223.642 -646
3215 223.646 -692
3216 223.650 -712
3217 223.654 -705
3218 223.659 -597
3219 223.663 -527
3220 223.667 -606
3221 223.672 -598
3222 223.676 -590
3223 223.680 -557
3224 223.684 -595
3225 223.689 -554
3226 223.693 -504
3227 223.697 -530
3228 223.701 -629
3229 223.706 -604
3230 223.710 -596
3231 223.714 -553
3232 223.719 -525
3233 223.723 -403
3234 223.727 -418
3235 223.731 -539
3236 223.736 -548
3237 223.740 -597
3238 223.744 -641
3239 223.749 -589
3240 223.753 -560
3241 223.757 -586
3242 223.761 -603
3243 223.766 -628
3244 223.770 -685
3245 223.774 -522
3246 223.779 -533
3247 223.783 -476
3248 223.787 -553
3249 223.791 -595
3250 223.796 -512
3251 223.800 -530
3252 223.804 -532
3253 223.809 -658
3254 223.813 -620
3255 223.817 -601
3256 223.821 -625
3257 223.826 -654
3258 223.830 -668
3259 223.834 -631
3260 223.839 -617
3261 223.843 -584
3262 223.847 -539
3263 223.851 -510
3264 223.856 -538
3265 223.860 -610
3266 223.864 -657
3267 223.869 -600
3268 223.873 -516
3269 223.877 -435
3270 223.881 -524
3271 223.886 -483
3272 223.890 -488
3273 223.894 -512
3274 223.899 -526
3275 223.903 -544
3276 223.907 -540
3277 223.911 -572
3278 223.916 -526
3279 223.920 -452
3280 223.924 -435
3281 223.929 -459
3282 223.933 -478
3283 223.937 -480
3284 223.941 -550
3285 223.946 -572
3286 223.950 -570
3287 223.954 -569
3288 223.959 -591
3289 223.963 -486
3290 223.967 -611
3291 223.972 -687
3292 223.976 -605
3293 223.980 -544
3294 223.984 -481
3295 223.989 -390
3296 223.993 -447
3297 223.997 -595
3298 224.002 -557
3299 224.006 -511
3300 224.010 -530
3301 224.015 -481
3302 224.019 -512
3303 224.023 -538
3304 224.027 -511
3305 224.032 -568
3306 224.036 -598
3307 224.040 -576
3308 224.045 -504
3309 224.049 -443
3310 224.053 -461
3311 224.058 -497
3312 224.062 -484
3313 224.066 -559
3314 224.070 -614
3315 224.075 -497
3316 224.079 -479
3317 224.083 -470
3318 224.088 -456
3319 224.092 -495
3320 224.096 -529
3321 224.101 -566
3322 224.105 -551
3323 224.109 -549
3324 224.114 -537
3325 224.118 -563
3326 224.122 -589
3327 224.126 -606
3328 224.131 -545
3329 224.135 -558
3330 224.139 -551
3331 224.144 -508
3332 224.148 -497
3333 224.152 -576
3334 224.157 -559
3335 224.161 -417
3336 224.165 -413
3337 224.170 -522
3338 224.174 -595
3339 224.178 -565
3340 224.182 -489
3341 224.187 -508
3342 224.191 -485
3343 224.195 -458
3344 224.200 -456
3345 224.204 -459
3346 224.208 -500
3347 224.213 -533
3348 224.217 -509
3349 224.221 -523
3350 224.226 -551
3351 224.230 -495
3352 224.234 -431
3353 224.239 -482
3354 224.243 -380
3355 224.247 -450
3356 224.252 -431
3357 224.256 -370
3358 224.260 -437
3359 224.264 -522
3360 224.269 -615
3361 224.273 -593
3362 224.277 -493
3363 224.282 -587
3364 224.286 -601
3365 224.290 -543
3366 224.295 -521
3367 224.299 -465
3368 224.303 -383
3369 224.308 -407
3370 224.312 -388
3371 224.316 -355
3372 224.321 -486
3373 224.325 -580
3374 224.329 -497
3375 224.334 -463
3376 224.338 -390
3377 224.342 -420
3378 224.347 -518
3379 224.351 -595
3380 224.355 -458
3381 224.360 -390
3382 224.364 -371
3383 224.368 -398
3384 224.372 -514
3385 224.377 -580
3386 224.381 -542
3387 224.385 -512
3388 224.390 -520
3389 224.394 -478
3390 224.398 -554
3391 224.403 -585
3392 224.407 -565
3393 224.411 -454
3394 224.416 -499
3395 224.420 -409
3396 224.424 -368
3397 224.429 -453
3398 224.433 -489
3399 224.437 -461
3400 224.442 -444
3401 224.446 -429
3402 224.450 -426
3403 224.455 -413
3404 224.459 -466
3405 224.463 -510
3406 224.468 -476
3407 224.472 -475
3408 224.476 -443
3409 224.481 -423
3410 224.485 -475
3411 224.489 -446
3412 224.494 -466
3413 224.498 -464
3414 224.502 -486
3415 224.507 -424
3416 224.511 -422
3417 224.515 -463
3418 224.520 -433
3419 224.524 -439
3420 224.528 -480
3421 224.533 -509
3422 224.537 -517
3423 224.541 -531
3424 224.546 -492
3425 224.550 -426
3426 224.554 -475
3427 224.559 -520
3428 224.563 -495
3429 224.567 -471
3430 224.572 -474
3431 224.576 -496
3432 224.580 -618
3433 224.585 -533
3434 224.589 -370
3435 224.594 -394
3436 224.598 -417
3437 224.602 -431
3438 224.607 -436
3439 224.611 -450
3440 224.615 -469
3441 224.620 -530
3442 224.624 -586
3443 224.628 -559
3444 224.633 -465
3445 224.637 -510
3446 224.641 -468
3447 224.646 -420
3448 224.650 -419
3449 224.654 -407
3450 224.659 -426
3451 224.663 -388
3452 224.667 -341
3453 224.672 -421
3454 224.676 -444
3455 224.680 -493
3456 224.685 -517
3457 224.689 -359
3458 224.693 -401
3459 224.698 -357
3460 224.702 -356
3461 224.707 -369
3462 224.711 -327
3463 224.715 -353
3464 224.720 -328
3465 224.724 -338
3466 224.728 -411
3467 224.733 -539
3468 224.737 -590
3469 224.741 -499
3470 224.746 -483
3471 224.750 -446
3472 224.754 -365
3473 224.759 -505
3474 224.763 -503
3475 224.767 -463
3476 224.772 -455
3477 224.776 -480
3478 224.781 -444
3479 224.785 -559
3480 224.789 -536
3481 224.794 -419
3482 224.798 -393
3483 224.802 -386
3484 224.807 -402
3485 224.811 -486
3486 224.815 -517
3487 224.820 -443
3488 224.824 -333
3489 224.828 -253
3490 224.833 -337
3491 224.837 -452
3492 224.842 -407
3493 224.846 -517
3494 224.850 -517
3495 224.855 -418
3496 224.859 -511
3497 224.863 -525
3498 224.868 -421
3499 224.872 -395
3500 224.876 -497
3501 224.881 -515
3502 224.885 -459
3503 224.889 -388
3504 224.894 -464
3505 224.898 -416
3506 224.903 -415
3507 224.907 -409
3508 224.911 -366
3509 224.916 -359
3510 224.920 -370
3511 224.924 -472
3512 224.929 -479
3513 224.933 -484
3514 224.938 -485
3515 224.942 -452
3516 224.946 -413
3517 224.951 -375
3518 224.955 -373
3519 224.959 -365
3520 224.964 -335
3521 224.968 -324
3522 224.972 -359
3523 224.977 -397
3524 224.981 -540
3525 224.986 -540
3526 224.990 -539
3527 224.994 -518
3528 224.999 -435
3529 225.003 -425
3530 225.007 -425
3531 225.012 -306
3532 225.016 -243
3533 225.021 -331
3534 225.025 -323
3535 225.029 -308
3536 225.034 -359
3537 225.038 -361
3538 225.042 -419
3539 225.047 -409
3540 225.051 -441
3541 225.056 -452
3542 225.060 -433
3543 225.064 -402
3544 225.069 -423
3545 225.073 -362
3546 225.077 -385
3547 225.082 -337
3548 225.086 -355
3549 225.091 -283
3550 225.095 -373
3551 225.099 -473
3552 225.104 -592
3553 225.108 -461
3554 225.112 -447
3555 225.117 -473
3556 225.121 -378
3557 225.126 -403
3558 225.130 -310
3559 225.134 -383
3560 225.139 -417
3561 225.143 -321
3562 225.147 -367
3563 225.152 -312
3564 225.156 -424
3565 225.161 -486
3566 225.165 -424
3567 225.169 -341
3568 225.174 -267
3569 225.178 -239
3570 225.183 -331
3571 225.187 -314
3572 225.191 -234
3573 225.196 -245
3574 225.200 -209
3575 225.204 -227
3576 225.209 -336
3577 225.213 -406
3578 225.218 -323
3579 225.222 -318
3580 225.226 -252
3581 225.231 -302
3582 225.235 -299
3583 225.240 -386
3584 225.244 -464
3585 225.248 -408
3586 225.253 -458
3587 225.257 -419
3588 225.262 -298
3589 225.266 -279
3590 225.270 -309
3591 225.275 -363
3592 225.279 -401
3593 225.284 -465
3594 225.288 -395
3595 225.292 -351
3596 225.297 -327
3597 225.301 -324
3598 225.305 -319
3599 225.310 -363
3600 225.314 -244
3601 225.319 -325
3602 225.323 -367
3603 225.327 -318
3604 225.332 -253
3605 225.336 -322
3606 225.341 -264
3607 225.345 -369
3608 225.349 -431
3609 225.354 -405
3610 225.358 -281
3611 225.363 -267
3612 225.367 -332
3613 225.371 -356
3614 225.376 -330
3615 225.380 -292
3616 225.385 -352
3617 225.389 -367
3618 225.393 -315
3619 225.398 -316
3620 225.402 -332
3621 225.407 -319
3622 225.411 -332
3623 225.415 -354
3624 225.420 -291
3625 225.424 -257
3626 225.429 -300
3627 225.433 -382
3628 225.437 -400
3629 225.442 -332
3630 225.446 -310
3631 225.451 -284
3632 225.455 -329
3633 225.459 -345
3634 225.464 -326
3635 225.468 -359
3636 225.473 -358
3637 225.477 -282
3638 225.481 -280
3639 225.486 -288
3640 225.490 -259
3641 225.495 -367
3642 225.499 -384
3643 225.504 -280
3644 225.508 -276
3645 225.512 -342
3646 225.517 -430
3647 225.521 -396
3648 225.526 -348
