0	899
1	0
2	0
3	0
4	8
5	301
6	2478
7	5338
8	5107
9	2851
10	1882
11	1590
12	1641
13	1500
14	1581
15	1657
16	1915
17	2025
18	2316
19	2656
20	3118
21	3797
22	4888
23	6046
24	8087
25	9077
26	12533
27	17174
28	24224
29	32135
30	45899
31	67243
32	120011
33	263069
34	793652
35	2016277
36	3541072
37	2975602
38	1339806
39	328945
40	54520
41	5928
42	664
43	183
44	183
45	180
46	193
47	189
48	201
49	209
50	234
51	246
52	238
53	246
54	239
55	241
56	264
57	217
58	260
59	242
60	242
61	249
62	243
63	246
64	254
65	299
66	331
67	374
68	459
69	476
70	482
71	291
72	145
73	63
74	38
75	27
76	26
77	21
78	23
79	30
80	21
81	33
82	35
83	17
84	18
85	25
86	29
87	23
88	26
89	17
90	24
91	20
92	21
93	23
94	17
95	25
96	24
97	28
98	17
99	21
100	16
101	28
102	19
103	32
104	25
105	20
106	25
107	16
108	24
109	24
110	26
111	24
112	28
113	20
114	31
115	21
116	12
117	20
118	26
119	22
120	18
121	22
122	20
123	22
124	32
125	17
126	25
127	29
128	25
129	27
130	24
131	30
132	32
133	30
134	21
135	30
136	26
137	28
138	32
139	18
140	39
141	16
142	29
143	27
144	31
145	28
146	29
147	28
148	25
149	33
150	29
151	33
152	24
153	30
154	22
155	26
156	32
157	37
158	27
159	33
160	35
161	25
162	39
163	22
164	29
165	27
166	35
167	30
168	33
169	30
170	34
171	33
172	37
173	41
174	44
175	33
176	46
177	38
178	51
179	52
180	52
181	49
182	57
183	56
184	55
185	36
186	48
187	58
188	65
189	58
190	58
191	66
192	73
193	53
194	55
195	74
196	87
197	77
198	82
199	76
200	71
201	89
202	74
203	73
204	75
205	92
206	89
207	92
208	119
209	97
210	97
211	94
212	123
213	88
214	98
215	118
216	105
217	129
218	145
219	123
220	132
221	130
222	159
223	134
224	154
225	125
226	149
227	150
228	181
229	168
230	151
231	179
232	183
233	197
234	187
235	223
236	207
237	213
238	198
239	200
240	224
241	229
242	226
243	223
244	233
245	272
246	257
247	285
248	258
249	282
250	262
251	277
252	256
253	319
254	285
255	315
256	358
257	330
258	366
259	343
260	381
261	352
262	374
263	382
264	388
265	410
266	437
267	436
268	412
269	399
270	442
271	423
272	456
273	441
274	454
275	446
276	460
277	467
278	478
279	500
280	537
281	509
282	526
283	522
284	568
285	547
286	534
287	604
288	564
289	579
290	651
291	565
292	635
293	560
294	610
295	630
296	649
297	625
298	664
299	639
300	664
301	598
302	655
303	650
304	698
305	657
306	700
307	657
308	701
309	671
310	699
311	704
312	708
313	669
314	677
315	640
316	715
317	661
318	677
319	660
320	707
321	718
322	672
323	624
324	636
325	651
326	656
327	622
328	707
329	636
330	684
331	591
332	627
333	579
334	624
335	620
336	594
337	581
338	635
339	587
340	581
341	588
342	597
343	593
344	602
345	558
346	554
347	533
348	559
349	479
350	556
351	487
352	512
353	493
354	508
355	455
356	462
357	467
358	472
359	454
360	453
361	409
362	487
363	406
364	429
365	394
366	450
367	378
368	384
369	385
370	367
371	356
372	374
373	405
374	401
375	369
376	368
377	365
378	356
379	375
380	353
381	353
382	345
383	322
384	369
385	377
386	343
387	327
388	345
389	335
390	371
391	321
392	326
393	333
394	337
395	339
396	364
397	343
398	304
399	317
400	333
401	330
402	361
403	351
404	355
405	370
406	361
407	361
408	392
409	365
410	383
411	408
412	401
413	449
414	404
415	404
416	385
417	420
418	487
419	450
420	493
421	476
422	468
423	494
424	519
425	449
426	481
427	506
428	542
429	543
430	510
431	543
432	594
433	572
434	556
435	574
436	582
437	624
438	615
439	619
440	638
441	644
442	714
443	644
444	679
445	670
446	714
447	692
448	722
449	681
450	735
451	671
452	753
453	718
454	789
455	733
456	771
457	770
458	750
459	719
460	810
461	790
462	780
463	738
464	782
465	740
466	744
467	733
468	775
469	717
470	787
471	799
472	799
473	732
474	770
475	742
476	786
477	740
478	755
479	774
480	742
481	676
482	728
483	713
484	723
485	653
486	696
487	658
488	690
489	645
490	724
491	631
492	631
493	621
494	629
495	582
496	556
497	595
498	520
499	591
500	574
501	522
502	525
503	527
504	552
505	469
506	475
507	424
508	466
509	389
510	389
511	400
512	420
513	388
514	353
515	346
516	323
517	343
518	288
519	276
520	309
521	252
522	296
523	270
524	279
525	220
526	225
527	234
528	209
529	209
530	204
531	191
532	180
533	163
534	170
535	148
536	131
537	140
538	128
539	121
540	110
541	95
542	122
543	99
544	84
545	92
546	86
547	75
548	73
549	63
550	56
551	53
552	47
553	48
554	46
555	34
556	30
557	45
558	44
559	38
560	27
561	26
562	17
563	21
564	20
565	34
566	14
567	19
568	20
569	14
570	16
571	7
572	9
573	15
574	10
575	10
576	7
577	11
578	9
579	6
580	6
581	4
582	3
583	2
584	4
585	6
586	1
587	2
588	0
589	1
590	0
591	2
592	1
593	0
594	2
595	0
596	0
597	0
598	0
599	1
600	2
601	1
602	0
603	0
604	0
605	1
606	0
607	1
608	0
609	1
610	0
611	0
612	0
613	0
614	0
615	0
616	0
617	2
618	0
619	0
620	0
621	0
622	0
623	0
624	0
625	0
626	0
627	0
628	0
629	0
630	0
631	0
632	0
633	0
634	0
635	0
636	0
637	0
638	0
639	0
640	0
641	0
642	0
643	0
644	0
645	0
646	0
647	0
648	0
649	0
650	0
651	0
652	0
653	0
654	0
655	0
656	0
657	0
658	0
659	0
660	0
661	0
662	0
663	0
664	0
665	0
666	0
667	0
668	0
669	0
670	0
671	0
672	0
673	0
674	0
675	0
676	0
677	0
678	0
679	0
680	0
681	0
682	0
683	0
684	0
685	0
686	0
687	0
688	0
689	0
690	0
691	0
692	0
693	0
694	0
695	0
696	0
697	0
698	0
699	0
700	0
701	0
702	0
703	0
704	0
705	0
706	0
707	0
708	0
709	0
710	0
711	0
712	0
713	0
714	0
715	0
716	0
717	0
718	0
719	0
720	0
721	0
722	0
723	0
724	0
725	0
726	0
727	0
728	0
729	0
730	0
731	0
732	0
733	0
734	0
735	0
736	0
737	0
738	0
739	0
740	0
741	0
742	0
743	0
744	0
745	0
746	0
747	0
748	0
749	0
750	0
751	0
752	0
753	0
754	0
755	0
756	0
757	0
758	0
759	0
760	0
761	0
762	0
763	0
764	0
765	0
766	0
767	0
768	0
769	0
770	0
771	0
772	0
773	0
774	0
775	0
776	0
777	0
778	0
779	0
780	0
781	0
782	0
783	0
784	0
785	0
786	0
787	0
788	0
789	0
790	0
791	0
792	0
793	0
794	0
795	0
796	0
797	0
798	0
799	0
800	0
801	0
802	0
803	0
804	0
805	0
806	0
807	0
808	0
809	0
810	0
811	0
812	0
813	0
814	0
815	0
816	0
817	0
818	0
819	0
820	0
821	0
822	0
823	0
824	0
825	0
826	0
827	0
828	0
829	0
830	0
831	0
832	0
833	0
834	0
835	0
836	0
837	0
838	0
839	0
840	0
841	0
842	0
843	0
844	0
845	0
846	0
847	0
848	0
849	0
850	0
851	0
852	0
853	0
854	0
855	0
856	0
857	0
858	0
859	0
860	0
861	0
862	0
863	0
864	0
865	0
866	0
867	0
868	0
869	0
870	0
871	0
872	0
873	0
874	0
875	0
876	0
877	0
878	0
879	0
880	0
881	0
882	0
883	0
884	0
885	0
886	0
887	0
888	0
889	0
890	0
891	0
892	0
893	0
894	0
895	0
896	0
897	0
898	0
899	0
900	0
901	0
902	0
903	0
904	0
905	0
906	0
907	0
908	0
909	0
910	0
911	0
912	0
913	0
914	0
915	0
916	0
917	0
918	0
919	0
920	0
921	0
922	0
923	0
924	0
925	0
926	0
927	0
928	0
929	0
930	0
931	0
932	0
933	0
934	0
935	0
936	0
937	0
938	0
939	0
940	0
941	0
942	0
943	0
944	0
945	0
946	0
947	0
948	0
949	0
950	0
951	0
952	0
953	0
954	0
955	0
956	0
957	0
958	0
959	0
960	0
961	0
962	0
963	0
964	0
965	0
966	0
967	0
968	0
969	0
970	0
971	0
972	0
973	0
974	0
975	0
976	0
977	0
978	0
979	0
980	0
981	0
982	0
983	0
984	0
985	0
986	0
987	0
988	0
989	0
990	0
991	0
992	0
993	0
994	0
995	0
996	0
997	0
998	0
999	0
1000	0
