0	0
1	0
2	0
3	0
4	0
5	0
6	0
7	0
8	0
9	0
10	0
11	0
12	0
13	0
14	0
15	0
16	0
17	0
18	0
19	0
20	0
21	0
22	0
23	0
24	0
25	0
26	0
27	0
28	0
29	0
30	0
31	0
32	0
33	0
34	0
35	0
36	0
37	0
38	0
39	0
40	0
41	0
42	0
43	0
44	0
45	0
46	0
47	0
48	0
49	0
50	0
51	0
52	0
53	0
54	0
55	0
56	0
57	0
58	0
59	0
60	0
61	0
62	0
63	0
64	0
65	0
66	0
67	0
68	0
69	0
70	0
71	0
72	0
73	0
74	0
75	0
76	0
77	0
78	0
79	0
80	0
81	0
82	0
83	0
84	0
85	0
86	0
87	0
88	0
89	0
90	0
91	0
92	0
93	0
94	0
95	0
96	0
97	0
98	0
99	0
100	0
101	0
102	0
103	0
104	0
105	0
106	0
107	0
108	0
109	0
110	0
111	0
112	0
113	0
114	0
115	0
116	0
117	0
118	0
119	0
120	0
121	0
122	2
123	2
124	0
125	1
126	1
127	2
128	1
129	1
130	2
131	6
132	5
133	1
134	3
135	1
136	1
137	3
138	5
139	2
140	2
141	2
142	2
143	2
144	2
145	2
146	3
147	6
148	1
149	3
150	5
151	9
152	3
153	6
154	7
155	5
156	8
157	4
158	4
159	4
160	6
161	6
162	3
163	5
164	7
165	4
166	2
167	3
168	5
169	6
170	6
171	4
172	9
173	7
174	1
175	8
176	6
177	8
178	8
179	5
180	7
181	11
182	7
183	4
184	7
185	3
186	4
187	9
188	9
189	8
190	6
191	6
192	6
193	6
194	7
195	8
196	9
197	7
198	7
199	13
200	6
201	10
202	16
203	12
204	8
205	11
206	8
207	9
208	8
209	14
210	11
211	11
212	8
213	9
214	7
215	9
216	6
217	7
218	10
219	12
220	13
221	11
222	13
223	13
224	9
225	8
226	16
227	11
228	8
229	10
230	11
231	13
232	10
233	9
234	13
235	14
236	15
237	12
238	5
239	19
240	14
241	14
242	9
243	14
244	16
245	19
246	17
247	17
248	15
249	19
250	13
251	7
252	25
253	23
254	14
255	17
256	16
257	21
258	20
259	25
260	9
261	23
262	22
263	21
264	26
265	18
266	30
267	16
268	28
269	23
270	26
271	35
272	28
273	30
274	27
275	21
276	32
277	27
278	31
279	32
280	36
281	43
282	36
283	34
284	39
285	34
286	47
287	44
288	36
289	31
290	35
291	38
292	47
293	41
294	42
295	40
296	46
297	50
298	68
299	58
300	59
301	65
302	66
303	50
304	63
305	78
306	80
307	73
308	67
309	69
310	76
311	84
312	73
313	79
314	96
315	70
316	90
317	89
318	85
319	96
320	106
321	111
322	107
323	125
324	114
325	135
326	128
327	136
328	120
329	132
330	178
331	150
332	160
333	166
334	180
335	216
336	200
337	196
338	220
339	203
340	241
341	224
342	245
343	242
344	237
345	260
346	275
347	281
348	299
349	289
350	314
351	337
352	343
353	372
354	370
355	406
356	413
357	395
358	449
359	503
360	497
361	498
362	548
363	603
364	623
365	665
366	708
367	698
368	775
369	852
370	886
371	932
372	917
373	1025
374	1101
375	1134
376	1154
377	1148
378	1286
379	1341
380	1309
381	1302
382	1307
383	1281
384	1327
385	1243
386	1152
387	1044
388	996
389	976
390	935
391	817
392	748
393	694
394	567
395	486
396	435
397	416
398	277
399	263
400	216
401	139
402	144
403	108
404	108
405	94
406	64
407	50
408	52
409	42
410	37
411	33
412	43
413	36
414	34
415	24
416	23
417	44
418	32
419	35
420	33
421	36
422	40
423	40
424	35
425	43
426	42
427	49
428	45
429	46
430	46
431	44
432	61
433	67
434	59
435	60
436	57
437	60
438	71
439	70
440	56
441	73
442	93
443	77
444	77
445	102
446	113
447	113
448	112
449	120
450	142
451	151
452	147
453	171
454	184
455	169
456	191
457	212
458	189
459	208
460	271
461	280
462	332
463	320
464	358
465	403
466	424
467	431
468	480
469	510
470	522
471	586
472	610
473	650
474	707
475	698
476	770
477	723
478	800
479	776
480	809
481	811
482	821
483	845
484	796
485	775
486	782
487	719
488	732
489	711
490	712
491	653
492	661
493	665
494	658
495	687
496	660
497	656
498	758
499	770
500	773
501	881
502	952
503	999
504	1057
505	1144
506	1108
507	1218
508	1402
509	1314
510	1378
511	1374
512	1392
513	1412
514	1396
515	1500
516	1300
517	1349
518	1260
519	1131
520	1087
521	984
522	909
523	786
524	695
525	609
526	512
527	465
528	404
529	265
530	252
531	193
532	153
533	130
534	97
535	69
536	81
537	74
538	65
539	46
540	59
541	56
542	47
543	49
544	66
545	51
546	53
547	62
548	66
549	54
550	71
551	79
552	64
553	78
554	88
555	90
556	77
557	99
558	90
559	89
560	107
561	108
562	116
563	137
564	127
565	126
566	124
567	143
568	153
569	186
570	180
571	187
572	183
573	202
574	208
575	262
576	280
577	292
578	337
579	316
580	357
581	396
582	448
583	457
584	507
585	532
586	591
587	690
588	725
589	822
590	862
591	896
592	984
593	1037
594	1154
595	1216
596	1211
597	1333
598	1401
599	1413
600	1541
601	1458
602	1545
603	1501
604	1403
605	1388
606	1344
607	1267
608	1166
609	1081
610	934
611	813
612	753
613	646
614	563
615	456
616	350
617	294
618	252
619	194
620	141
621	107
622	81
623	65
624	37
625	25
626	23
627	12
628	9
629	6
630	5
631	3
632	6
633	4
634	4
635	2
636	1
637	2
638	4
639	3
640	1
641	4
642	5
643	0
644	2
645	1
646	3
647	1
648	1
649	2
650	2
651	3
652	1
653	3
654	0
655	2
656	4
657	1
658	1
659	2
660	2
661	3
662	2
663	1
664	1
665	2
666	5
667	2
668	0
669	1
670	1
671	1
672	2
673	2
674	1
675	0
676	6
677	0
678	4
679	1
680	2
681	4
682	0
683	1
684	2
685	3
686	4
687	1
688	2
689	2
690	3
691	1
692	4
693	2
694	3
695	1
696	4
697	1
698	3
699	0
700	1
701	4
702	3
703	2
704	1
705	2
706	2
707	2
708	2
709	3
710	2
711	1
712	1
713	3
714	4
715	3
716	2
717	3
718	4
719	4
720	8
721	5
722	5
723	7
724	8
725	2
726	3
727	6
728	3
729	4
730	6
731	8
732	8
733	5
734	6
735	4
736	2
737	4
738	5
739	3
740	2
741	2
742	3
743	2
744	5
745	4
746	2
747	1
748	2
749	3
750	6
751	2
752	3
753	5
754	4
755	4
756	4
757	3
758	6
759	4
760	1
761	3
762	3
763	5
764	5
765	2
766	4
767	3
768	4
769	8
770	5
771	9
772	12
773	9
774	5
775	7
776	4
777	5
778	2
779	6
780	5
781	8
782	10
783	6
784	10
785	8
786	13
787	8
788	8
789	5
790	7
791	11
792	9
793	14
794	13
795	21
796	13
797	15
798	21
799	14
800	18
801	11
802	11
803	17
804	13
805	19
806	23
807	22
808	19
809	22
810	15
811	15
812	25
813	30
814	23
815	30
816	34
817	39
818	32
819	21
820	47
821	36
822	50
823	50
824	39
825	40
826	63
827	51
828	54
829	56
830	75
831	63
832	63
833	88
834	91
835	85
836	84
837	99
838	103
839	115
840	112
841	124
842	129
843	134
844	142
845	158
846	179
847	181
848	187
849	223
850	194
851	236
852	248
853	316
854	329
855	337
856	404
857	431
858	447
859	520
860	600
861	655
862	715
863	806
864	884
865	974
866	1021
867	1149
868	1227
869	1379
870	1463
871	1504
872	1588
873	1656
874	1655
875	1657
876	1696
877	1645
878	1572
879	1539
880	1428
881	1387
882	1233
883	1081
884	909
885	827
886	713
887	591
888	471
889	394
890	306
891	234
892	196
893	133
894	115
895	67
896	57
897	30
898	27
899	20
900	11
901	7
902	6
903	4
904	5
905	1
906	3
907	2
908	0
909	2
910	1
911	1
912	0
913	1
914	0
915	0
916	1
917	2
918	0
919	0
920	1
921	3
922	0
923	0
924	4
925	1
926	4
927	0
928	1
929	4
930	2
931	0
932	2
933	0
934	0
935	0
936	0
937	0
938	0
939	0
940	0
941	0
942	0
943	0
944	0
945	0
946	0
947	0
948	0
949	0
950	0
951	0
952	0
953	1
954	1
955	0
956	0
957	0
958	1
959	0
960	0
961	0
962	0
963	0
964	0
965	0
966	0
967	0
968	0
969	1
970	0
971	0
972	0
973	1
974	0
975	0
976	1
977	0
978	0
979	1
980	0
981	0
982	0
983	0
984	1
985	2
986	0
987	1
988	0
989	0
990	1
991	1
992	0
993	1
994	1
995	0
996	0
997	0
998	0
999	0
1000	0
1001	0
1002	0
1003	0
1004	0
1005	1
1006	0
1007	0
1008	0
1009	0
1010	0
1011	1
1012	0
1013	1
1014	0
1015	0
1016	0
1017	0
1018	1
1019	0
1020	0
1021	1
1022	0
1023	0
